	Pop001	Pop002	Pop003	Pop004	Pop005	Pop006	Pop007	Pop008	Pop009	Pop010	Pop011	Pop012	Pop013	Pop014	Pop015	Pop016	Pop017	Pop018	Pop019	Pop020	Pop021	Pop022	Pop023	Pop024	Pop025	Pop026	Pop027	Pop028	Pop029	Pop030	Pop031	Pop032	Pop033	Pop034	Pop035	Pop036	Pop037	Pop038	Pop039	Pop040	Pop041	Pop042	Pop043	Pop044	Pop045	Pop046	Pop047	Pop048	Pop049	Pop050	Pop051	Pop052	Pop053	Pop054	Pop055	Pop056	Pop057	Pop058	Pop059	Pop060	Pop061	Pop062	Pop063	Pop064	Pop065	Pop066	Pop067	Pop068	Pop069	Pop070	Pop071	Pop072	Pop073	Pop074	Pop075	Pop076
Pop001	0	0.003	0	0	-0.032	-0.05	0.003	0.107	-0.032	0.009	0.009	-0.071	0.104	-0.033	0	-0.053	0	-0.015	0.009	0.01	-0.037	0	0.038	0.005	0.018	0	-0.064	-0.013	0	0.021	-0.006	0.148	0	0.047	0.058	0	0	0	0.035	-0.003	0.039	0	0	0	-0.049	0	-0.031	0.023	0.023	0.033	0	0.093	-0.04	0.085	-0.017	0.009	0.009	0.02	-0.013	-0.02	-0.006	-0.006	-0.014	0.022	0	-0.015	0.02	-0.071	-0.038	0	0	0.011	0	0	0	0
Pop002	0.003	0	0	-0.018	0.004	0.017	-0.009	0.027	0.013	-0.005	0.004	-0.022	0.025	-0.03	-0.016	0.011	0	0.028	0.022	0.009	-0.013	0	0.036	0.04	0.03	0	0	0.022	0	0	-0.013	0.015	0	0.018	-0.02	0.026	0	0	0.041	0.05	0.015	0	0	0	-0.003	0	0.025	0.001	0.051	0.024	-0.01	-0.04	0.021	-0.007	-0.002	0.008	0.013	-0.019	0.007	-0.033	0.023	-0.001	0.035	0.06	-0.007	0.018	0.02	-0.025	0.002	0	0	0.014	0	0	0	0
Pop003	0	0	0	0	0	0	0	0	0	0	0	0	0	0	0	0	0	0	0	0	0	0	0	0	0	0	0	0	0	0	0	0	0	0	0	0	0	0	0	0	0	0	0	0	0	0	0	0	0	0	0	0	0	0	0	0	0	0	0	0	0	0	0	0	0	0	0	0	0	0	0	0	0	0	0	0
Pop004	0	-0.018	0	0	-0.068	-0.008	-0.093	0	0	0	0	0	0	-0.042	-0.013	0	0	0	-0.007	-0.029	0.065	0	-0.191	0.128	0.037	0	0	0	0	0.045	-0.009	0.065	0	-0.048	0.058	0.068	0	0	0.134	0	0	0	0	0	-0.015	0	0.013	-0.089	0.074	-0.021	0.008	0	0	0.045	-0.034	-0.074	0	0	0	-0.011	0	0	0.009	0	0	-0.045	0.067	-0.05	0	0	0	-0.136	0	0	0	0
Pop005	-0.032	0.004	0	-0.068	0	-0.015	0	-0.012	-0.019	0.008	-0.01	-0.057	-0.011	-0.008	0.018	0.023	0	0.069	-0.005	-0.004	-0.008	0	0.076	0.04	0.021	0	0.009	0.013	0	0.009	0.049	0.025	0	0.028	0.023	0.006	0	0	0.013	0.042	0.017	0	0	0	0.005	0	0.001	0.009	0.051	0.022	0.007	-0.005	0.027	0.03	0.002	0.009	-0.008	-0.004	0.008	0.006	0.025	-0.002	-0.014	0.032	-0.003	0.009	0.011	-0.037	0.021	0	0	0.003	0	0	0	0
Pop006	-0.05	0.017	0	-0.008	-0.015	0	-0.02	0.095	-0.056	0.009	-0.029	-0.056	-0.029	0.002	-0.034	0.021	0	0	-0.014	0.028	0.002	0	0.072	0.056	0	0	-0.025	0.01	0	0.019	0.037	-0.001	0	0.059	0.023	-0.001	0	0	0.017	0.033	0.007	0	0	0	-0.024	0	0.028	0	0.022	0.016	-0.028	0.016	0.017	-0.018	-0.018	-0.008	-0.011	0	-0.002	-0.005	-0.013	-0.017	-0.056	0.044	0	0.006	0.013	0.028	0.039	0	0	-0.012	0	0	0	0
Pop007	0.003	-0.009	0	-0.093	0	-0.02	0	-0.007	-0.022	0.006	-0.034	-0.049	-0.013	-0.042	-0.009	0.007	0	0.036	0.007	0.008	-0.011	0	0.011	0.023	-0.008	0	-0.049	0.019	0	0.006	0.019	-0.029	0	0.022	0.013	0.014	0	0	0.003	0.023	0.017	0	0	0	-0.025	0	0.013	-0.007	0.028	-0.02	0.016	-0.038	-0.013	0.045	-0.025	-0.014	-0.006	0.015	-0.003	-0.019	0.008	-0.013	-0.012	-0.003	0.003	-0.02	-0.001	-0.003	0.001	0	0	-0.01	0	0	0	0
Pop008	0.107	0.027	0	0	-0.012	0.095	-0.007	0	0.052	0.043	0.049	-0.007	-0.003	0.024	0.018	0.087	0	0.026	0.055	0.013	0.019	0	0.123	0.073	0	0	0	0.038	0	0.042	0.103	0.026	0	0.078	0.034	-0.025	0	0	0.03	0.093	0.064	0	0	0	0.017	0	0.013	0.038	0.093	0.032	0.03	0	0.06	0.052	0.047	0.017	0.004	0.026	0.043	0.066	0.04	0.03	0.019	0.082	-0.027	0.047	0.018	0	0.087	0	0	-0.007	0	0	0	0
Pop009	-0.032	0.013	0	0	-0.019	-0.056	-0.022	0.052	0	-0.017	-0.002	-0.083	0	0.008	0.021	0.015	0	0	0	0	0.019	0	0	0.066	0	0	0.019	0.022	0	-0.015	-0.03	0.112	0	0.046	0	0.041	0	0	0.017	0	-0.036	0	0	0	0.016	0	-0.028	0.016	0.08	0	0.083	0.032	-0.085	0.037	0.018	-0.038	-0.045	0	0.024	0	0.041	0.016	-0.007	-0.075	0	0.01	-0.003	-0.089	0.013	0	0	-0.031	0	0	0	0
Pop010	0.009	-0.005	0	0	0.008	0.009	0.006	0.043	-0.017	0	0.003	-0.093	-0.014	-0.009	0.001	0.054	0	0	-0.002	0.032	0.035	0	0.074	0.061	0.004	0	0.002	0.017	0	-0.002	-0.011	0.029	0	0.037	-0.016	0.016	0	0	0.022	-0.002	0.033	0	0	0	-0.007	0	0.01	0.031	0.088	0.022	0.01	0.055	0.074	-0.021	-0.013	-0.021	0.022	0.033	0.058	-0.028	0.066	-0.018	-0.023	0.031	0	0.027	0.018	-0.026	0.046	0	0	0.017	0	0	0	0
Pop011	0.009	0.004	0	0	-0.01	-0.029	-0.034	0.049	-0.002	0.003	0	0.011	0.006	0.021	-0.011	-0.031	0	0.022	-0.017	0.001	-0.006	0	-0.004	0.046	-0.004	0	0.031	0.019	0	0.004	0.023	-0.012	0	-0.021	-0.053	-0.012	0	0	0.013	-0.001	-0.017	0	0	0	-0.042	0	-0.024	-0.025	0.072	-0.001	-0.015	-0.042	0.056	0.038	-0.026	-0.018	0.001	-0.014	-0.008	-0.039	0.006	0.01	0.015	0.002	-0.045	-0.023	0.023	0.009	-0.011	0	0	0.039	0	0	0	0
Pop012	-0.071	-0.022	0	0	-0.057	-0.056	-0.049	-0.007	-0.083	-0.093	0.011	0	0.239	-0.079	-0.038	0.02	0	0	-0.049	0.064	0.001	0	-0.014	0.076	0	0	0.04	0.011	0	0.063	0	0.048	0	-0.032	-0.081	-0.012	0	0	-0.027	0	0.032	0	0	0	0.019	0	-0.018	0.092	0.075	0.002	-0.016	0	0.086	0	-0.06	0.026	0	-0.047	-0.049	-0.011	0	-0.054	0.034	0.055	0	-0.049	0.019	0.141	0.076	0	0	0.033	0	0	0	0
Pop013	0.104	0.025	0	0	-0.011	-0.029	-0.013	-0.003	0	-0.014	0.006	0.239	0	0	0.029	0.017	0	-0.023	0.025	0.068	0.007	0	0.043	0.107	0.033	0	0.017	0.078	0	-0.007	0.007	0.022	0	0.029	0.003	-0.002	0	0	0.016	0.07	-0.004	0	0	0	0.015	0	-0.009	0.003	0.07	0.049	0.052	-0.038	0.031	0.009	-0.028	0.007	-0.032	-0.063	0.042	-0.016	0.016	0.011	-0.034	-0.032	0.058	-0.004	0.055	-0.007	0.036	0	0	-0.024	0	0	0	0
Pop014	-0.033	-0.03	0	-0.042	-0.008	0.002	-0.042	0.024	0.008	-0.009	0.021	-0.079	0	0	0.009	0.035	0	0.032	0.004	-0.022	0.003	0	0.031	0.047	0	0	-0.002	0.023	0	-0.022	0	0.042	0	0.006	-0.009	-0.036	0	0	0	-0.071	0.025	0	0	0	-0.013	0	0.04	0.026	0	0.032	0.002	-0.054	0.035	0.123	0.006	0.005	0	-0.019	-0.011	0.049	0.012	0.017	-0.012	0.077	0	0.004	-0.018	0.028	-0.074	0	0	-0.052	0	0	0	0
Pop015	0	-0.016	0	-0.013	0.018	-0.034	-0.009	0.018	0.021	0.001	-0.011	-0.038	0.029	0.009	0	0.002	0	0.081	0.002	-0.01	-0.01	0	0.044	0.037	0.005	0	-0.029	0.014	0	0.068	-0.007	0.001	0	0.017	0.044	-0.006	0	0	-0.01	-0.014	0.02	0	0	0	-0.011	0	-0.003	0.005	0.042	0.01	0.021	0.047	0.037	0.03	-0.002	-0.009	0.011	0.01	-0.007	-0.014	0.024	-0.013	-0.028	0.071	-0.035	-0.015	0.004	0	-0.029	0	0	0.004	0	0	0	0
Pop016	-0.053	0.011	0	0	0.023	0.021	0.007	0.087	0.015	0.054	-0.031	0.02	0.017	0.035	0.002	0	0	-0.006	0.009	0.035	0.026	0	0.075	0.086	-0.011	0	-0.057	0.018	0	-0.009	-0.007	0.018	0	0.021	0.018	-0.004	0	0	0.021	0.062	0.059	0	0	0	0.033	0	0.035	-0.017	0.043	-0.008	0.021	0.119	0	0.068	0.022	0.009	0.018	0.002	-0.042	-0.032	-0.016	0.008	-0.003	0.03	0.023	0.007	0.042	0	0.003	0	0	0.01	0	0	0	0
Pop017	0	0	0	0	0	0	0	0	0	0	0	0	0	0	0	0	0	0	0	0	0	0	0	0	0	0	0	0	0	0	0	0	0	0	0	0	0	0	0	0	0	0	0	0	0	0	0	0	0	0	0	0	0	0	0	0	0	0	0	0	0	0	0	0	0	0	0	0	0	0	0	0	0	0	0	0
Pop018	-0.015	0.028	0	0	0.069	0	0.036	0.026	0	0	0.022	0	-0.023	0.032	0.081	-0.006	0	0	0.122	0.011	0.019	0	0.085	0.091	0	0	0.057	0.049	0	0.033	0.077	0.037	0	0.015	0.037	0.082	0	0	0.009	0.116	0.021	0	0	0	-0.003	0	0.108	0	0.042	-0.015	-0.035	-0.007	0.108	-0.114	0.008	0.065	-0.015	0.191	0.115	-0.058	0.054	0.172	0.037	0.143	0	0.07	0.11	0.019	-0.048	0	0	0	0	0	0	0
Pop019	0.009	0.022	0	-0.007	-0.005	-0.014	0.007	0.055	0	-0.002	-0.017	-0.049	0.025	0.004	0.002	0.009	0	0.122	0	0.025	0.006	0	0.023	0.034	-0.019	0	-0.008	0	0	0.018	0.055	0.011	0	0.022	0.046	0.037	0	0	-0.021	0.02	0.038	0	0	0	0.017	0	0.004	0.008	0.077	0.007	0.046	-0.038	0.042	0.05	-0.012	-0.01	0.035	0.003	0.048	-0.032	0.05	-0.014	0.009	0.032	-0.032	0.011	0.035	-0.026	-0.028	0	0	0.011	0	0	0	0
Pop020	0.01	0.009	0	-0.029	-0.004	0.028	0.008	0.013	0	0.032	0.001	0.064	0.068	-0.022	-0.01	0.035	0	0.011	0.025	0	0.027	0	-0.015	0.013	0.005	0	0.056	-0.011	0	0.021	0.063	0.028	0	-0.019	0.114	0.043	0	0	0.006	0.067	0.057	0	0	0	0.038	0	0.007	-0.004	0.017	0.004	0.105	-0.005	0.097	0.032	-0.018	-0.013	0.01	0.027	0.006	0.035	0.045	-0.028	0.038	0.031	0.039	-0.012	0.035	0.078	0.015	0	0	0.017	0	0	0	0
Pop021	-0.037	-0.013	0	0.065	-0.008	0.002	-0.011	0.019	0.019	0.035	-0.006	0.001	0.007	0.003	-0.01	0.026	0	0.019	0.006	0.027	0	0	0.024	0.023	-0.006	0	-0.003	-0.007	0	0.027	-0.007	0.041	0	0.011	0.067	0.034	0	0	0.025	0.011	-0.011	0	0	0	-0.018	0	-0.005	0.023	-0.002	-0.004	0.008	-0.032	0.026	-0.006	-0.004	0.017	0.038	-0.021	-0.008	-0.023	-0.007	0.019	-0.015	0.049	0	0.018	0.008	-0.005	-0.001	0	0	-0.015	0	0	0	0
Pop022	0	0	0	0	0	0	0	0	0	0	0	0	0	0	0	0	0	0	0	0	0	0	0	0	0	0	0	0	0	0	0	0	0	0	0	0	0	0	0	0	0	0	0	0	0	0	0	0	0	0	0	0	0	0	0	0	0	0	0	0	0	0	0	0	0	0	0	0	0	0	0	0	0	0	0	0
Pop023	0.038	0.036	0	-0.191	0.076	0.072	0.011	0.123	0	0.074	-0.004	-0.014	0.043	0.031	0.044	0.075	0	0.085	0.023	-0.015	0.024	0	0	-0.003	-0.014	0	-0.002	0.021	0	0.067	0.093	0.021	0	0.01	-0.019	0.027	0	0	0.054	0.045	0.014	0	0	0	0.038	0	-0.004	0.061	0.138	0.06	0.027	0.009	0.118	0.142	0.015	0.049	0.029	0.001	0.08	0.008	0.079	0.002	0.13	0.076	0.013	0.078	0.058	0.029	0.038	0	0	0.021	0	0	0	0
Pop024	0.005	0.04	0	0.128	0.04	0.056	0.023	0.073	0.066	0.061	0.046	0.076	0.107	0.047	0.037	0.086	0	0.091	0.034	0.013	0.023	0	-0.003	0	-0.021	0	0	0.002	0	0.042	0.082	0.033	0	0.005	0.028	0.021	0	0	0.048	0.026	0.026	0	0	0	-0.026	0	0.01	0.041	0.106	0.039	0.047	0.046	0.088	0.022	0.034	0.028	0.019	0.047	0.065	0.062	0.081	0.043	0.066	0.044	0.013	0.048	0.059	0.019	0.057	0	0	0.025	0	0	0	0
Pop025	0.018	0.03	0	0.037	0.021	0	-0.008	0	0	0.004	-0.004	0	0.033	0	0.005	-0.011	0	0	-0.019	0.005	-0.006	0	-0.014	-0.021	0	0	0.011	-0.003	0	0.004	0.07	0.01	0	-0.006	-0.024	0.056	0	0	0.058	0.033	0.058	0	0	0	0.023	0	0.045	0.08	0.129	0.05	0.022	0	0.067	-0.012	-0.009	-0.012	-0.066	0.009	0.044	-0.01	0.112	-0.017	-0.046	0.034	-0.048	0.042	0.049	0.071	0.019	0	0	0.016	0	0	0	0
Pop026	0	0	0	0	0	0	0	0	0	0	0	0	0	0	0	0	0	0	0	0	0	0	0	0	0	0	0	0	0	0	0	0	0	0	0	0	0	0	0	0	0	0	0	0	0	0	0	0	0	0	0	0	0	0	0	0	0	0	0	0	0	0	0	0	0	0	0	0	0	0	0	0	0	0	0	0
Pop027	-0.064	0	0	0	0.009	-0.025	-0.049	0	0.019	0.002	0.031	0.04	0.017	-0.002	-0.029	-0.057	0	0.057	-0.008	0.056	-0.003	0	-0.002	0	0.011	0	0	0.005	0	-0.016	-0.043	-0.026	0	-0.014	-0.01	-0.02	0	0	0	0.031	0.013	0	0	0	0.05	0	-0.054	-0.005	0.067	-0.008	0.011	0.051	0.002	0.014	-0.026	-0.04	-0.038	-0.042	-0.019	0.004	-0.042	-0.032	0.047	-0.008	0.053	-0.028	-0.015	0.039	0.058	0	0	-0.03	0	0	0	0
Pop028	-0.013	0.022	0	0	0.013	0.01	0.019	0.038	0.022	0.017	0.019	0.011	0.078	0.023	0.014	0.018	0	0.049	0	-0.011	-0.007	0	0.021	0.002	-0.003	0	0.005	0	0	0.012	0.042	0.027	0	0.012	0.008	0.006	0	0	0.01	0.011	0.033	0	0	0	-0.013	0	-0.001	0.038	0.059	0.001	0.02	-0.003	0.053	0.014	0.005	0.016	0.018	0.013	0.036	0.058	0.035	0.028	0.006	0.042	0.049	0.004	0.017	0.007	0.069	0	0	-0.004	0	0	0	0
Pop029	0	0	0	0	0	0	0	0	0	0	0	0	0	0	0	0	0	0	0	0	0	0	0	0	0	0	0	0	0	0	0	0	0	0	0	0	0	0	0	0	0	0	0	0	0	0	0	0	0	0	0	0	0	0	0	0	0	0	0	0	0	0	0	0	0	0	0	0	0	0	0	0	0	0	0	0
Pop030	0.021	0	0	0.045	0.009	0.019	0.006	0.042	-0.015	-0.002	0.004	0.063	-0.007	-0.022	0.068	-0.009	0	0.033	0.018	0.021	0.027	0	0.067	0.042	0.004	0	-0.016	0.012	0	0	0.055	0.03	0	0.004	0.049	0.007	0	0	0.009	0.007	0.006	0	0	0	-0.003	0	0.018	0.018	0.047	0.03	0.007	0.027	0.047	0.077	0.001	0.008	0.039	0.005	0.033	-0.009	0.07	-0.009	-0.006	0.067	0.045	0.003	0.027	0.022	0.061	0	0	0.029	0	0	0	0
Pop031	-0.006	-0.013	0	-0.009	0.049	0.037	0.019	0.103	-0.03	-0.011	0.023	0	0.007	0	-0.007	-0.007	0	0.077	0.055	0.063	-0.007	0	0.093	0.082	0.07	0	-0.043	0.042	0	0.055	0	-0.062	0	0.102	0.143	0.016	0	0	0.077	0.019	0.045	0	0	0	0.074	0	0.05	0.06	0.096	-0.026	0.102	0	0.028	0.052	0.022	-0.004	-0.024	-0.026	0.015	0.038	0.052	-0.013	-0.007	0	0.038	0.085	0.046	-0.095	0.01	0	0	-0.007	0	0	0	0
Pop032	0.148	0.015	0	0.065	0.025	-0.001	-0.029	0.026	0.112	0.029	-0.012	0.048	0.022	0.042	0.001	0.018	0	0.037	0.011	0.028	0.041	0	0.021	0.033	0.01	0	-0.026	0.027	0	0.03	-0.062	0	0	0.001	0.017	0.02	0	0	0.017	0.022	-0.007	0	0	0	0.034	0	0.046	0.012	0.036	0.009	0.015	0.143	0.029	0.036	-0.022	0.012	0.015	-0.078	0.021	-0.003	0.048	-0.01	-0.029	0	0.013	-0.018	0.009	0.068	0.011	0	0	-0.001	0	0	0	0
Pop033	0	0	0	0	0	0	0	0	0	0	0	0	0	0	0	0	0	0	0	0	0	0	0	0	0	0	0	0	0	0	0	0	0	0	0	0	0	0	0	0	0	0	0	0	0	0	0	0	0	0	0	0	0	0	0	0	0	0	0	0	0	0	0	0	0	0	0	0	0	0	0	0	0	0	0	0
Pop034	0.047	0.018	0	-0.048	0.028	0.059	0.022	0.078	0.046	0.037	-0.021	-0.032	0.029	0.006	0.017	0.021	0	0.015	0.022	-0.019	0.011	0	0.01	0.005	-0.006	0	-0.014	0.012	0	0.004	0.102	0.001	0	0	0.012	0.023	0	0	0.034	0.086	0.049	0	0	0	0.019	0	0.018	0.037	0.082	0.015	0.011	0.019	0.073	0.045	-0.015	0.022	0.015	0.001	0.033	0.012	0.057	0.02	0.081	0.017	-0.013	0.038	0.018	0.028	0.036	0	0	0.011	0	0	0	0
Pop035	0.058	-0.02	0	0.058	0.023	0.023	0.013	0.034	0	-0.016	-0.053	-0.081	0.003	-0.009	0.044	0.018	0	0.037	0.046	0.114	0.067	0	-0.019	0.028	-0.024	0	-0.01	0.008	0	0.049	0.143	0.017	0	0.012	0	0.125	0	0	0.068	-0.028	0.014	0	0	0	-0.007	0	0.045	0.047	0.033	0.028	0.053	0	0.055	0.025	0.007	0.012	0.02	0.005	0.106	0.003	0.091	-0.007	-0.051	-0.036	-0.033	0.073	0.02	-0.06	0.031	0	0	0.013	0	0	0	0
Pop036	0	0.026	0	0.068	0.006	-0.001	0.014	-0.025	0.041	0.016	-0.012	-0.012	-0.002	-0.036	-0.006	-0.004	0	0.082	0.037	0.043	0.034	0	0.027	0.021	0.056	0	-0.02	0.006	0	0.007	0.016	0.02	0	0.023	0.125	0	0	0	-0.005	0.031	0.014	0	0	0	-0.025	0	-0.018	-0.012	0.085	-0.019	0.021	-0.028	0.01	0.036	0.02	-0.002	0.057	-0.069	0.041	0.038	0.009	-0.001	0.019	0	0	0.008	0.02	0.05	0.043	0	0	0.042	0	0	0	0
Pop037	0	0	0	0	0	0	0	0	0	0	0	0	0	0	0	0	0	0	0	0	0	0	0	0	0	0	0	0	0	0	0	0	0	0	0	0	0	0	0	0	0	0	0	0	0	0	0	0	0	0	0	0	0	0	0	0	0	0	0	0	0	0	0	0	0	0	0	0	0	0	0	0	0	0	0	0
Pop038	0	0	0	0	0	0	0	0	0	0	0	0	0	0	0	0	0	0	0	0	0	0	0	0	0	0	0	0	0	0	0	0	0	0	0	0	0	0	0	0	0	0	0	0	0	0	0	0	0	0	0	0	0	0	0	0	0	0	0	0	0	0	0	0	0	0	0	0	0	0	0	0	0	0	0	0
Pop039	0.035	0.041	0	0.134	0.013	0.017	0.003	0.03	0.017	0.022	0.013	-0.027	0.016	0	-0.01	0.021	0	0.009	-0.021	0.006	0.025	0	0.054	0.048	0.058	0	0	0.01	0	0.009	0.077	0.017	0	0.034	0.068	-0.005	0	0	0	-0.008	0.031	0	0	0	0.011	0	-0.008	0.028	0.055	-0.019	0.041	-0.011	0.015	0.025	0.002	0.004	-0.008	0.032	0.019	0.04	0.037	-0.006	0.01	0.039	-0.037	0.008	0.017	-0.011	0.018	0	0	-0.011	0	0	0	0
Pop040	-0.003	0.05	0	0	0.042	0.033	0.023	0.093	0	-0.002	-0.001	0	0.07	-0.071	-0.014	0.062	0	0.116	0.02	0.067	0.011	0	0.045	0.026	0.033	0	0.031	0.011	0	0.007	0.019	0.022	0	0.086	-0.028	0.031	0	0	-0.008	0	0.03	0	0	0	-0.009	0	-0.037	-0.004	0.039	-0.045	0.093	0.021	0.076	0.127	0.036	0.041	0.02	0.013	0.006	-0.037	0.026	-0.021	0.044	0.025	0.029	0.02	0.033	-0.095	0.036	0	0	-0.033	0	0	0	0
Pop041	0.039	0.015	0	0	0.017	0.007	0.017	0.064	-0.036	0.033	-0.017	0.032	-0.004	0.025	0.02	0.059	0	0.021	0.038	0.057	-0.011	0	0.014	0.026	0.058	0	0.013	0.033	0	0.006	0.045	-0.007	0	0.049	0.014	0.014	0	0	0.031	0.03	0	0	0	0	0.078	0	-0.004	0.006	0.019	0.039	-0.012	0.019	0.063	0.051	0.024	0.032	0.021	0.047	0.017	0.047	0.057	0.005	0.054	0.034	0	0.013	0.012	-0.03	0.02	0	0	0.009	0	0	0	0
Pop042	0	0	0	0	0	0	0	0	0	0	0	0	0	0	0	0	0	0	0	0	0	0	0	0	0	0	0	0	0	0	0	0	0	0	0	0	0	0	0	0	0	0	0	0	0	0	0	0	0	0	0	0	0	0	0	0	0	0	0	0	0	0	0	0	0	0	0	0	0	0	0	0	0	0	0	0
Pop043	0	0	0	0	0	0	0	0	0	0	0	0	0	0	0	0	0	0	0	0	0	0	0	0	0	0	0	0	0	0	0	0	0	0	0	0	0	0	0	0	0	0	0	0	0	0	0	0	0	0	0	0	0	0	0	0	0	0	0	0	0	0	0	0	0	0	0	0	0	0	0	0	0	0	0	0
Pop044	0	0	0	0	0	0	0	0	0	0	0	0	0	0	0	0	0	0	0	0	0	0	0	0	0	0	0	0	0	0	0	0	0	0	0	0	0	0	0	0	0	0	0	0	0	0	0	0	0	0	0	0	0	0	0	0	0	0	0	0	0	0	0	0	0	0	0	0	0	0	0	0	0	0	0	0
Pop045	-0.049	-0.003	0	-0.015	0.005	-0.024	-0.025	0.017	0.016	-0.007	-0.042	0.019	0.015	-0.013	-0.011	0.033	0	-0.003	0.017	0.038	-0.018	0	0.038	-0.026	0.023	0	0.05	-0.013	0	-0.003	0.074	0.034	0	0.019	-0.007	-0.025	0	0	0.011	-0.009	0.078	0	0	0	0	0	0.023	0.022	0.139	0.039	0.056	-0.089	-0.028	0.036	-0.023	0.017	0.094	0.003	0	-0.052	-0.036	0.001	0.063	0.057	0.019	-0.004	0.073	-0.012	-0.005	0	0	0.079	0	0	0	0
Pop046	0	0	0	0	0	0	0	0	0	0	0	0	0	0	0	0	0	0	0	0	0	0	0	0	0	0	0	0	0	0	0	0	0	0	0	0	0	0	0	0	0	0	0	0	0	0	0	0	0	0	0	0	0	0	0	0	0	0	0	0	0	0	0	0	0	0	0	0	0	0	0	0	0	0	0	0
Pop047	-0.031	0.025	0	0.013	0.001	0.028	0.013	0.013	-0.028	0.01	-0.024	-0.018	-0.009	0.04	-0.003	0.035	0	0.108	0.004	0.007	-0.005	0	-0.004	0.01	0.045	0	-0.054	-0.001	0	0.018	0.05	0.046	0	0.018	0.045	-0.018	0	0	-0.008	-0.037	-0.004	0	0	0	0.023	0	0	0.029	0.014	-0.016	-0.008	-0.02	0.046	0.003	-0.018	-0.002	0.006	0.024	0.013	-0.029	0.036	-0.019	0.035	0.029	0	0.012	0.012	0.043	0.025	0	0	0.002	0	0	0	0
Pop048	0.023	0.001	0	-0.089	0.009	0	-0.007	0.038	0.016	0.031	-0.025	0.092	0.003	0.026	0.005	-0.017	0	0	0.008	-0.004	0.023	0	0.061	0.041	0.08	0	-0.005	0.038	0	0.018	0.06	0.012	0	0.037	0.047	-0.012	0	0	0.028	-0.004	0.006	0	0	0	0.022	0	0.029	0	0.016	0.006	0	0.104	0.053	0.022	0.023	0.008	-0.001	0.033	-0.004	0.05	0.026	-0.007	-0.007	0.001	0	-0.005	0.025	0	0.018	0	0	0.044	0	0	0	0
Pop049	0.023	0.051	0	0.074	0.051	0.022	0.028	0.093	0.08	0.088	0.072	0.075	0.07	0	0.042	0.043	0	0.042	0.077	0.017	-0.002	0	0.138	0.106	0.129	0	0.067	0.059	0	0.047	0.096	0.036	0	0.082	0.033	0.085	0	0	0.055	0.039	0.019	0	0	0	0.139	0	0.014	0.016	0	0.044	0.048	0.029	0.096	0.059	0.036	0.045	0.036	-0.005	0.068	0.058	0.088	0.035	0.031	-0.002	0.075	0.043	0.052	0	0.075	0	0	0.061	0	0	0	0
Pop050	0.033	0.024	0	-0.021	0.022	0.016	-0.02	0.032	0	0.022	-0.001	0.002	0.049	0.032	0.01	-0.008	0	-0.015	0.007	0.004	-0.004	0	0.06	0.039	0.05	0	-0.008	0.001	0	0.03	-0.026	0.009	0	0.015	0.028	-0.019	0	0	-0.019	-0.045	0.039	0	0	0	0.039	0	-0.016	0.006	0.044	0	0	-0.002	0.024	0.028	0.016	0.003	0.01	0.012	-0.006	-0.011	0.006	0.006	-0.016	0.005	0.013	0.014	-0.008	0.002	0.036	0	0	-0.013	0	0	0	0
Pop051	0	-0.01	0	0.008	0.007	-0.028	0.016	0.03	0.083	0.01	-0.015	-0.016	0.052	0.002	0.021	0.021	0	-0.035	0.046	0.105	0.008	0	0.027	0.047	0.022	0	0.011	0.02	0	0.007	0.102	0.015	0	0.011	0.053	0.021	0	0	0.041	0.093	-0.012	0	0	0	0.056	0	-0.008	0	0.048	0	0	0	0.073	0.041	0.002	-0.004	0.005	0.02	0.021	0	0.038	-0.011	0.024	0.132	0.125	-0.028	-0.016	0.221	0.058	0	0	0.042	0	0	0	0
Pop052	0.093	-0.04	0	0	-0.005	0.016	-0.038	0	0.032	0.055	-0.042	0	-0.038	-0.054	0.047	0.119	0	-0.007	-0.038	-0.005	-0.032	0	0.009	0.046	0	0	0.051	-0.003	0	0.027	0	0.143	0	0.019	0	-0.028	0	0	-0.011	0.021	0.019	0	0	0	-0.089	0	-0.02	0.104	0.029	-0.002	0	0	-0.066	0.036	-0.06	-0.096	0	0	-0.068	-0.012	0	0.025	-0.023	0.016	0.14	-0.009	0.033	0	0.045	0	0	0.056	0	0	0	0
Pop053	-0.04	0.021	0	0	0.027	0.017	-0.013	0.06	-0.085	0.074	0.056	0.086	0.031	0.035	0.037	0	0	0.108	0.042	0.097	0.026	0	0.118	0.088	0.067	0	0.002	0.053	0	0.047	0.028	0.029	0	0.073	0.055	0.01	0	0	0.015	0.076	0.063	0	0	0	-0.028	0	0.046	0.053	0.096	0.024	0.073	-0.066	0	0.073	-0.018	0.011	0.054	0.076	0.012	0.02	0.009	0.027	0.006	0.044	0.014	0.021	0.033	0.046	0.026	0	0	-0.012	0	0	0	0
Pop054	0.085	-0.007	0	0.045	0.03	-0.018	0.045	0.052	0.037	-0.021	0.038	0	0.009	0.123	0.03	0.068	0	-0.114	0.05	0.032	-0.006	0	0.142	0.022	-0.012	0	0.014	0.014	0	0.077	0.052	0.036	0	0.045	0.025	0.036	0	0	0.025	0.127	0.051	0	0	0	0.036	0	0.003	0.022	0.059	0.028	0.041	0.036	0.073	0	0.001	0.044	0.001	-0.023	0.005	0.194	0.032	0.034	-0.037	0.01	0	0.034	-0.003	0	-0.097	0	0	0.035	0	0	0	0
Pop055	-0.017	-0.002	0	-0.034	0.002	-0.018	-0.025	0.047	0.018	-0.013	-0.026	-0.06	-0.028	0.006	-0.002	0.022	0	0.008	-0.012	-0.018	-0.004	0	0.015	0.034	-0.009	0	-0.026	0.005	0	0.001	0.022	-0.022	0	-0.015	0.007	0.02	0	0	0.002	0.036	0.024	0	0	0	-0.023	0	-0.018	0.023	0.036	0.016	0.002	-0.06	-0.018	0.001	0	-0.005	-0.011	0.007	0.021	-0.035	0.01	-0.02	0.031	0.04	-0.043	-0.003	0.011	-0.06	-0.054	0	0	0	0	0	0	0
Pop056	0.009	0.008	0	-0.074	0.009	-0.008	-0.014	0.017	-0.038	-0.021	-0.018	0.026	0.007	0.005	-0.009	0.009	0	0.065	-0.01	-0.013	0.017	0	0.049	0.028	-0.012	0	-0.04	0.016	0	0.008	-0.004	0.012	0	0.022	0.012	-0.002	0	0	0.004	0.041	0.032	0	0	0	0.017	0	-0.002	0.008	0.045	0.003	-0.004	-0.096	0.011	0.044	-0.005	0	0.003	-0.019	-0.022	0.015	0.019	-0.007	-0.005	-0.003	0.185	-0.016	0.027	-0.01	0.013	0	0	-0.002	0	0	0	0
Pop057	0.009	0.013	0	0	-0.008	-0.011	-0.006	0.004	-0.045	0.022	0.001	0	-0.032	0	0.011	0.018	0	-0.015	0.035	0.01	0.038	0	0.029	0.019	-0.066	0	-0.038	0.018	0	0.039	-0.024	0.015	0	0.015	0.02	0.057	0	0	-0.008	0.02	0.021	0	0	0	0.094	0	0.006	-0.001	0.036	0.01	0.005	0	0.054	0.001	-0.011	0.003	0	-0.014	0.036	0.046	0.039	-0.024	-0.019	0.017	0	-0.016	-0.004	0	0.184	0	0	0.029	0	0	0	0
Pop058	0.02	-0.019	0	0	-0.004	0	0.015	0.026	0	0.033	-0.014	-0.047	-0.063	-0.019	0.01	0.002	0	0.191	0.003	0.027	-0.021	0	0.001	0.047	0.009	0	-0.042	0.013	0	0.005	-0.026	-0.078	0	0.001	0.005	-0.069	0	0	0.032	0.013	0.047	0	0	0	0.003	0	0.024	0.033	-0.005	0.012	0.02	0	0.076	-0.023	0.007	-0.019	-0.014	0	-0.018	-0.044	0.003	-0.017	-0.031	-0.012	0.013	-0.021	0.018	-0.055	-0.051	0	0	0.074	0	0	0	0
Pop059	-0.013	0.007	0	0	0.008	-0.002	-0.003	0.043	0.024	0.058	-0.008	-0.049	0.042	-0.011	-0.007	-0.042	0	0.115	0.048	0.006	-0.008	0	0.08	0.065	0.044	0	-0.019	0.036	0	0.033	0.015	0.021	0	0.033	0.106	0.041	0	0	0.019	0.006	0.017	0	0	0	0	0	0.013	-0.004	0.068	-0.006	0.021	-0.068	0.012	0.005	0.021	-0.022	0.036	-0.018	0	0.009	-0.032	-0.007	-0.004	0.058	0.013	-0.018	0.035	0.075	0.055	0	0	0.051	0	0	0	0
Pop060	-0.02	-0.033	0	-0.011	0.006	-0.005	-0.019	0.066	0	-0.028	-0.039	-0.011	-0.016	0.049	-0.014	-0.032	0	-0.058	-0.032	0.035	-0.023	0	0.008	0.062	-0.01	0	0.004	0.058	0	-0.009	0.038	-0.003	0	0.012	0.003	0.038	0	0	0.04	-0.037	0.047	0	0	0	-0.052	0	-0.029	0.05	0.058	-0.011	0	-0.012	0.02	0.194	-0.035	0.015	0.046	-0.044	0.009	0	0.078	0.004	0.01	0.056	-0.071	-0.018	0.058	-0.038	0.012	0	0	-0.012	0	0	0	0
Pop061	-0.006	0.023	0	0	0.025	-0.013	0.008	0.04	0.041	0.066	0.006	0	0.016	0.012	0.024	-0.016	0	0.054	0.05	0.045	-0.007	0	0.079	0.081	0.112	0	-0.042	0.035	0	0.07	0.052	0.048	0	0.057	0.091	0.009	0	0	0.037	0.026	0.057	0	0	0	-0.036	0	0.036	0.026	0.088	0.006	0.038	0	0.009	0.032	0.01	0.019	0.039	0.003	-0.032	0.078	0	0.042	0.022	0.044	-0.01	0.019	0.027	-0.043	-0.004	0	0	0.035	0	0	0	0
Pop062	-0.006	-0.001	0	0	-0.002	-0.017	-0.013	0.03	0.016	-0.018	0.01	-0.054	0.011	0.017	-0.013	0.008	0	0.172	-0.014	-0.028	0.019	0	0.002	0.043	-0.017	0	-0.032	0.028	0	-0.009	-0.013	-0.01	0	0.02	-0.007	-0.001	0	0	-0.006	-0.021	0.005	0	0	0	0.001	0	-0.019	-0.007	0.035	0.006	-0.011	0.025	0.027	0.034	-0.02	-0.007	-0.024	-0.017	-0.007	0.004	0.042	0	-0.026	-0.009	0.054	-0.016	0.006	-0.047	0.037	0	0	0.017	0	0	0	0
Pop063	-0.014	0.035	0	0.009	-0.014	-0.056	-0.012	0.019	-0.007	-0.023	0.015	0.034	-0.034	-0.012	-0.028	-0.003	0	0.037	0.009	0.038	-0.015	0	0.13	0.066	-0.046	0	0.047	0.006	0	-0.006	-0.007	-0.029	0	0.081	-0.051	0.019	0	0	0.01	0.044	0.054	0	0	0	0.063	0	0.035	-0.007	0.031	-0.016	0.024	-0.023	0.006	-0.037	0.031	-0.005	-0.019	-0.031	-0.004	0.01	0.022	-0.026	0	0.062	0	-0.013	0.013	0.082	0.037	0	0	-0.016	0	0	0	0
Pop064	0.022	0.06	0	0	0.032	0.044	-0.003	0.082	-0.075	0.031	0.002	0.055	-0.032	0.077	0.071	0.03	0	0.143	0.032	0.031	0.049	0	0.076	0.044	0.034	0	-0.008	0.042	0	0.067	0	0	0	0.017	-0.036	0	0	0	0.039	0.025	0.034	0	0	0	0.057	0	0.029	0.001	-0.002	0.005	0.132	0.016	0.044	0.01	0.04	-0.003	0.017	-0.012	0.058	0.056	0.044	-0.009	0.062	0	0.013	-0.012	0.024	0.053	0.037	0	0	0.054	0	0	0	0
Pop065	0	-0.007	0	0	-0.003	0	0.003	-0.027	0	0	-0.045	0	0.058	0	-0.035	0.023	0	0	-0.032	0.039	0	0	0.013	0.013	-0.048	0	0.053	0.049	0	0.045	0.038	0.013	0	-0.013	-0.033	0	0	0	-0.037	0.029	0	0	0	0	0.019	0	0	0	0.075	0.013	0.125	0.14	0.014	0	-0.043	0.185	0	0.013	0.013	-0.071	-0.01	0.054	0	0.013	0	0.024	0.066	0	-0.006	0	0	-0.041	0	0	0	0
Pop066	-0.015	0.018	0	-0.045	0.009	0.006	-0.02	0.047	0.01	0.027	-0.023	-0.049	-0.004	0.004	-0.015	0.007	0	0.07	0.011	-0.012	0.018	0	0.078	0.048	0.042	0	-0.028	0.004	0	0.003	0.085	-0.018	0	0.038	0.073	0.008	0	0	0.008	0.02	0.013	0	0	0	-0.004	0	0.012	-0.005	0.043	0.014	-0.028	-0.009	0.021	0.034	-0.003	-0.016	-0.016	-0.021	-0.018	-0.018	0.019	-0.016	-0.013	-0.012	0.024	0	0.016	0.099	0.062	0	0	-0.004	0	0	0	0
Pop067	0.02	0.02	0	0.067	0.011	0.013	-0.001	0.018	-0.003	0.018	0.023	0.019	0.055	-0.018	0.004	0.042	0	0.11	0.035	0.035	0.008	0	0.058	0.059	0.049	0	-0.015	0.017	0	0.027	0.046	0.009	0	0.018	0.02	0.02	0	0	0.017	0.033	0.012	0	0	0	0.073	0	0.012	0.025	0.052	-0.008	-0.016	0.033	0.033	-0.003	0.011	0.027	-0.004	0.018	0.035	0.058	0.027	0.006	0.013	0.024	0.066	0.016	0	0.015	0.059	0	0	0.037	0	0	0	0
Pop068	-0.071	-0.025	0	-0.05	-0.037	0.028	-0.003	0	-0.089	-0.026	0.009	0.141	-0.007	0.028	0	0	0	0.019	-0.026	0.078	-0.005	0	0.029	0.019	0.071	0	0.039	0.007	0	0.022	-0.095	0.068	0	0.028	-0.06	0.05	0	0	-0.011	-0.095	-0.03	0	0	0	-0.012	0	0.043	0	0	0.002	0.221	0	0.046	0	-0.06	-0.01	0	-0.055	0.075	-0.038	-0.043	-0.047	0.082	0.053	0	0.099	0.015	0	0.005	0	0	0.026	0	0	0	0
Pop069	-0.038	0.002	0	0	0.021	0.039	0.001	0.087	0.013	0.046	-0.011	0.076	0.036	-0.074	-0.029	0.003	0	-0.048	-0.028	0.015	-0.001	0	0.038	0.057	0.019	0	0.058	0.069	0	0.061	0.01	0.011	0	0.036	0.031	0.043	0	0	0.018	0.036	0.02	0	0	0	-0.005	0	0.025	0.018	0.075	0.036	0.058	0.045	0.026	-0.097	-0.054	0.013	0.184	-0.051	0.055	0.012	-0.004	0.037	0.037	0.037	-0.006	0.062	0.059	0.005	0	0	0	0.011	0	0	0	0
Pop070	0	0	0	0	0	0	0	0	0	0	0	0	0	0	0	0	0	0	0	0	0	0	0	0	0	0	0	0	0	0	0	0	0	0	0	0	0	0	0	0	0	0	0	0	0	0	0	0	0	0	0	0	0	0	0	0	0	0	0	0	0	0	0	0	0	0	0	0	0	0	0	0	0	0	0	0
Pop071	0	0	0	0	0	0	0	0	0	0	0	0	0	0	0	0	0	0	0	0	0	0	0	0	0	0	0	0	0	0	0	0	0	0	0	0	0	0	0	0	0	0	0	0	0	0	0	0	0	0	0	0	0	0	0	0	0	0	0	0	0	0	0	0	0	0	0	0	0	0	0	0	0	0	0	0
Pop072	0.011	0.014	0	-0.136	0.003	-0.012	-0.01	-0.007	-0.031	0.017	0.039	0.033	-0.024	-0.052	0.004	0.01	0	0	0.011	0.017	-0.015	0	0.021	0.025	0.016	0	-0.03	-0.004	0	0.029	-0.007	-0.001	0	0.011	0.013	0.042	0	0	-0.011	-0.033	0.009	0	0	0	0.079	0	0.002	0.044	0.061	-0.013	0.042	0.056	-0.012	0.035	0	-0.002	0.029	0.074	0.051	-0.012	0.035	0.017	-0.016	0.054	-0.041	-0.004	0.037	0.026	0.011	0	0	0	0	0	0	0
Pop073	0	0	0	0	0	0	0	0	0	0	0	0	0	0	0	0	0	0	0	0	0	0	0	0	0	0	0	0	0	0	0	0	0	0	0	0	0	0	0	0	0	0	0	0	0	0	0	0	0	0	0	0	0	0	0	0	0	0	0	0	0	0	0	0	0	0	0	0	0	0	0	0	0	0	0	0
Pop074	0	0	0	0	0	0	0	0	0	0	0	0	0	0	0	0	0	0	0	0	0	0	0	0	0	0	0	0	0	0	0	0	0	0	0	0	0	0	0	0	0	0	0	0	0	0	0	0	0	0	0	0	0	0	0	0	0	0	0	0	0	0	0	0	0	0	0	0	0	0	0	0	0	0	0	0
Pop075	0	0	0	0	0	0	0	0	0	0	0	0	0	0	0	0	0	0	0	0	0	0	0	0	0	0	0	0	0	0	0	0	0	0	0	0	0	0	0	0	0	0	0	0	0	0	0	0	0	0	0	0	0	0	0	0	0	0	0	0	0	0	0	0	0	0	0	0	0	0	0	0	0	0	0	0
Pop076	0	0	0	0	0	0	0	0	0	0	0	0	0	0	0	0	0	0	0	0	0	0	0	0	0	0	0	0	0	0	0	0	0	0	0	0	0	0	0	0	0	0	0	0	0	0	0	0	0	0	0	0	0	0	0	0	0	0	0	0	0	0	0	0	0	0	0	0	0	0	0	0	0	0	0	0