	Pop001	Pop002	Pop003	Pop004	Pop005	Pop006	Pop007	Pop008	Pop009	Pop010	Pop011	Pop012	Pop013	Pop014	Pop015	Pop016	Pop017	Pop018	Pop019	Pop020	Pop021	Pop022	Pop023	Pop024	Pop025	Pop026	Pop027	Pop028	Pop029	Pop030	Pop031	Pop032	Pop033	Pop034	Pop035	Pop036	Pop037	Pop038	Pop039	Pop040	Pop041	Pop042	Pop043	Pop044	Pop045	Pop046	Pop047	Pop048	Pop049
Pop001	0	0.975	0.954	0.95	0.949	0.858	0.947	0.951	0.851	0.851	0.956	0.854	0.932	1.065	0.944	1.138	1.063	1.137	1.112	1.137	1.061	1.076	1.114	1.133	1.072	1.078	1.129	1.052	1.076	1.12	1.141	1.123	1.119	1.138	1.141	1.134	1.027	1.155	1.071	1.134	1.094	1.046	1.08	1.136	1.086	1.14	1.155	1.074	1.153
Pop002	0.975	0	0.955	0.936	0.94	0.835	0.957	0.958	0.827	0.825	0.954	0.83	0.915	1.054	0.939	1.127	1.06	1.127	1.099	1.128	1.047	1.065	1.101	1.121	1.046	1.06	1.111	1.021	1.05	1.1	1.13	1.113	1.106	1.13	1.132	1.125	1.016	1.14	1.06	1.122	1.073	1.03	1.058	1.122	1.063	1.12	1.146	1.055	1.141
Pop003	0.954	0.955	0	0.921	0.927	0.864	0.942	0.933	0.856	0.856	0.95	0.858	0.924	1.069	0.936	1.147	1.067	1.143	1.117	1.146	1.061	1.084	1.118	1.142	1.08	1.078	1.129	1.051	1.078	1.123	1.149	1.134	1.134	1.154	1.151	1.147	1.03	1.168	1.085	1.14	1.096	1.052	1.086	1.144	1.089	1.146	1.165	1.077	1.158
Pop004	0.95	0.936	0.921	0	0.914	0.83	0.937	0.937	0.824	0.824	0.93	0.826	0.901	1.045	0.913	1.13	1.059	1.13	1.099	1.133	1.041	1.065	1.101	1.131	1.058	1.062	1.11	1.031	1.068	1.109	1.128	1.115	1.11	1.136	1.133	1.124	1.004	1.155	1.058	1.127	1.084	1.028	1.07	1.132	1.071	1.125	1.151	1.056	1.143
Pop005	0.949	0.94	0.927	0.914	0	0.836	0.933	0.932	0.828	0.827	0.927	0.83	0.896	1.044	0.91	1.14	1.061	1.131	1.106	1.133	1.043	1.073	1.108	1.129	1.059	1.061	1.116	1.034	1.07	1.098	1.135	1.12	1.117	1.139	1.136	1.133	0.995	1.153	1.061	1.128	1.084	1.031	1.066	1.131	1.074	1.137	1.152	1.053	1.149
Pop006	0.858	0.835	0.864	0.83	0.836	0	0.828	0.854	0.185	0.222	0.859	0.178	0.81	0.846	0.854	0.813	0.862	0.847	0.837	0.849	0.81	0.839	0.798	0.818	0.777	0.859	0.896	0.777	0.797	0.863	0.833	0.837	0.816	0.839	0.834	0.825	0.863	0.859	0.79	0.818	0.815	0.748	0.792	0.842	0.805	0.832	0.901	0.785	0.853
Pop007	0.947	0.957	0.942	0.937	0.933	0.828	0	0.933	0.82	0.82	0.952	0.822	0.916	1.055	0.93	1.126	1.052	1.122	1.09	1.122	1.038	1.066	1.094	1.117	1.051	1.057	1.116	1.035	1.06	1.091	1.124	1.111	1.103	1.128	1.122	1.117	0.988	1.139	1.053	1.115	1.073	1.029	1.064	1.12	1.06	1.123	1.147	1.055	1.14
Pop008	0.951	0.958	0.933	0.937	0.932	0.854	0.933	0	0.846	0.846	0.939	0.848	0.929	1.063	0.936	1.142	1.062	1.145	1.112	1.146	1.06	1.081	1.113	1.137	1.071	1.074	1.116	1.051	1.069	1.117	1.144	1.126	1.121	1.15	1.143	1.139	1.025	1.162	1.068	1.138	1.091	1.043	1.081	1.14	1.079	1.139	1.159	1.066	1.15
Pop009	0.851	0.827	0.856	0.824	0.828	0.185	0.82	0.846	0	0.174	0.852	0.166	0.802	0.839	0.847	0.804	0.853	0.838	0.828	0.84	0.801	0.831	0.789	0.81	0.769	0.85	0.888	0.769	0.79	0.855	0.824	0.829	0.807	0.83	0.824	0.816	0.858	0.852	0.783	0.81	0.807	0.738	0.783	0.835	0.799	0.825	0.892	0.779	0.845
Pop010	0.851	0.825	0.856	0.824	0.827	0.222	0.82	0.846	0.174	0	0.851	0.19	0.801	0.838	0.847	0.804	0.852	0.836	0.829	0.839	0.803	0.829	0.789	0.808	0.768	0.851	0.888	0.768	0.79	0.854	0.823	0.829	0.808	0.83	0.824	0.816	0.857	0.851	0.782	0.808	0.806	0.738	0.782	0.833	0.797	0.825	0.891	0.779	0.845
Pop011	0.956	0.954	0.95	0.93	0.927	0.859	0.952	0.939	0.852	0.851	0	0.853	0.921	1.047	0.95	1.146	1.071	1.141	1.111	1.149	1.056	1.086	1.117	1.14	1.07	1.076	1.123	1.05	1.082	1.122	1.148	1.127	1.129	1.149	1.144	1.146	1.036	1.169	1.072	1.143	1.099	1.042	1.085	1.144	1.084	1.144	1.167	1.07	1.155
Pop012	0.854	0.83	0.858	0.826	0.83	0.178	0.822	0.848	0.166	0.19	0.853	0	0.804	0.841	0.849	0.806	0.856	0.84	0.832	0.843	0.804	0.833	0.792	0.812	0.771	0.853	0.89	0.771	0.792	0.857	0.827	0.831	0.809	0.833	0.827	0.819	0.86	0.854	0.785	0.812	0.809	0.741	0.786	0.837	0.8	0.827	0.895	0.782	0.847
Pop013	0.932	0.915	0.924	0.901	0.896	0.81	0.916	0.929	0.802	0.801	0.921	0.804	0	1.035	0.908	1.127	1.053	1.119	1.088	1.125	1.023	1.049	1.097	1.116	1.042	1.053	1.108	1.018	1.047	1.099	1.124	1.107	1.106	1.128	1.122	1.119	0.99	1.139	1.049	1.115	1.065	1.018	1.056	1.118	1.055	1.121	1.143	1.05	1.141
Pop014	1.065	1.054	1.069	1.045	1.044	0.846	1.055	1.063	0.839	0.838	1.047	0.841	1.035	0	1.061	1.049	1.061	1.065	1.053	1.06	1.047	1.043	1.037	1.09	1.093	1.051	1.075	1.017	1.099	1.093	1.054	1.108	1.102	1.086	1.104	1.091	1.077	1.08	1.09	1.083	1.121	1.056	1.067	1.116	1.112	1.095	1.092	1.093	1.097
Pop015	0.944	0.939	0.936	0.913	0.91	0.854	0.93	0.936	0.847	0.847	0.95	0.849	0.908	1.061	0	1.151	1.064	1.146	1.109	1.148	1.055	1.075	1.122	1.142	1.072	1.061	1.122	1.037	1.076	1.119	1.149	1.13	1.13	1.148	1.151	1.144	1.008	1.168	1.074	1.139	1.096	1.046	1.081	1.145	1.084	1.145	1.162	1.07	1.162
Pop016	1.138	1.127	1.147	1.13	1.14	0.813	1.126	1.142	0.804	0.804	1.146	0.806	1.127	1.049	1.151	0	1.051	0.955	0.978	0.956	1.022	1.023	0.927	1.012	1.092	1.05	1.051	1.005	1.107	1.071	0.933	1.058	1.028	0.964	1.02	1.023	1.122	0.981	1.091	1.005	1.119	1.051	1.047	1.05	1.113	1.019	1.018	1.093	1.014
Pop017	1.063	1.06	1.067	1.059	1.061	0.862	1.052	1.062	0.853	0.852	1.071	0.856	1.053	1.061	1.064	1.051	0	1.066	1.061	1.063	1.066	1.065	1.067	1.088	1.098	1.051	1.098	1.053	1.109	1.115	1.062	1.107	1.103	1.077	1.111	1.103	1.089	1.08	1.102	1.089	1.13	1.074	1.08	1.098	1.122	1.089	1.097	1.104	1.108
Pop018	1.137	1.127	1.143	1.13	1.131	0.847	1.122	1.145	0.838	0.836	1.141	0.84	1.119	1.065	1.146	0.955	1.066	0	1.004	0.979	1.06	1.034	0.975	1.038	1.106	1.061	1.063	1.038	1.113	1.095	0.958	1.072	1.056	1.023	1.054	1.043	1.124	1.015	1.104	1.03	1.131	1.065	1.067	1.056	1.123	1.04	1.056	1.106	1.054
Pop019	1.112	1.099	1.117	1.099	1.106	0.837	1.09	1.112	0.828	0.829	1.111	0.832	1.088	1.053	1.109	0.978	1.061	1.004	0	1.011	1.02	1.029	0.993	1.058	1.104	1.049	1.07	1.009	1.116	1.095	0.998	1.088	1.064	1.035	1.063	1.064	1.101	1.034	1.111	1.054	1.133	1.067	1.071	1.077	1.125	1.065	1.062	1.113	1.064
Pop020	1.137	1.128	1.146	1.133	1.133	0.849	1.122	1.146	0.84	0.839	1.149	0.843	1.125	1.06	1.148	0.956	1.063	0.979	1.011	0	1.064	1.036	0.976	1.039	1.1	1.064	1.075	1.04	1.108	1.086	0.955	1.082	1.055	1.015	1.05	1.047	1.126	1.009	1.098	1.028	1.124	1.063	1.058	1.064	1.118	1.042	1.052	1.097	1.043
Pop021	1.061	1.047	1.061	1.041	1.043	0.81	1.038	1.06	0.801	0.803	1.056	0.804	1.023	1.047	1.055	1.022	1.066	1.06	1.02	1.064	0	1.018	1.004	1.059	1.067	1.05	1.096	0.949	1.071	1.082	1.063	1.086	1.061	1.057	1.076	1.071	1.065	1.067	1.066	1.074	1.088	1.028	1.046	1.091	1.077	1.082	1.096	1.056	1.079
Pop022	1.076	1.065	1.084	1.065	1.073	0.839	1.066	1.081	0.831	0.829	1.086	0.833	1.049	1.043	1.075	1.023	1.065	1.034	1.029	1.036	1.018	0	1.018	1.071	1.093	1.055	1.073	1.007	1.098	1.097	1.015	1.094	1.084	1.067	1.083	1.071	1.084	1.07	1.087	1.052	1.118	1.061	1.057	1.089	1.112	1.075	1.093	1.096	1.082
Pop023	1.114	1.101	1.118	1.101	1.108	0.798	1.094	1.113	0.789	0.789	1.117	0.792	1.097	1.037	1.122	0.927	1.067	0.975	0.993	0.976	1.004	1.018	0	1.013	1.061	1.038	1.047	0.983	1.076	1.077	0.954	1.06	1.01	0.998	1.028	1.026	1.098	1.013	1.065	0.998	1.087	1.035	1.035	1.036	1.082	1.01	1.048	1.067	1.024
Pop024	1.133	1.121	1.142	1.131	1.129	0.818	1.117	1.137	0.81	0.808	1.14	0.812	1.116	1.09	1.142	1.012	1.088	1.038	1.058	1.039	1.059	1.071	1.013	0	1.005	1.094	1.095	1.032	1.022	1.046	1.034	1.004	1.01	1.021	0.996	0.996	1.12	1.026	1.018	1	1.024	0.993	1.006	1.021	1.029	1.015	1.077	1.018	1.018
Pop025	1.072	1.046	1.08	1.058	1.059	0.777	1.051	1.071	0.769	0.768	1.07	0.771	1.042	1.093	1.072	1.092	1.098	1.106	1.104	1.1	1.067	1.093	1.061	1.005	0	1.096	1.109	1.036	0.872	1.045	1.095	0.992	0.972	1.06	1.012	1.01	1.081	1.08	0.881	1.01	0.847	0.886	0.948	0.999	0.862	1.013	1.123	0.886	1.037
Pop026	1.078	1.06	1.078	1.062	1.061	0.859	1.057	1.074	0.85	0.851	1.076	0.853	1.053	1.051	1.061	1.05	1.051	1.061	1.049	1.064	1.05	1.055	1.038	1.094	1.096	0	1.093	1.026	1.104	1.116	1.052	1.109	1.096	1.084	1.112	1.097	1.08	1.088	1.101	1.084	1.122	1.07	1.065	1.104	1.121	1.096	1.118	1.104	1.106
Pop027	1.129	1.111	1.129	1.11	1.116	0.896	1.116	1.116	0.888	0.888	1.123	0.89	1.108	1.075	1.122	1.051	1.098	1.063	1.07	1.075	1.096	1.073	1.047	1.095	1.109	1.093	0	1.062	1.117	1.12	1.06	1.112	1.103	1.094	1.102	1.094	1.123	1.093	1.115	1.079	1.136	1.087	1.087	1.104	1.13	1.089	1.103	1.112	1.098
Pop028	1.052	1.021	1.051	1.031	1.034	0.777	1.035	1.051	0.769	0.768	1.05	0.771	1.018	1.017	1.037	1.005	1.053	1.038	1.009	1.04	0.949	1.007	0.983	1.032	1.036	1.026	1.062	0	1.047	1.063	1.037	1.051	1.041	1.044	1.052	1.041	1.042	1.042	1.038	1.037	1.065	1.002	1.006	1.07	1.054	1.056	1.065	1.037	1.06
Pop029	1.076	1.05	1.078	1.068	1.07	0.797	1.06	1.069	0.79	0.79	1.082	0.792	1.047	1.099	1.076	1.107	1.109	1.113	1.116	1.108	1.071	1.098	1.076	1.022	0.872	1.104	1.117	1.047	0	1.059	1.109	1.007	1.004	1.074	1.034	1.037	1.081	1.092	0.9	1.031	0.875	0.919	0.956	1.006	0.875	1.027	1.134	0.889	1.042
Pop030	1.12	1.1	1.123	1.109	1.098	0.863	1.091	1.117	0.855	0.854	1.122	0.857	1.099	1.093	1.119	1.071	1.115	1.095	1.095	1.086	1.082	1.097	1.077	1.046	1.045	1.116	1.12	1.063	1.059	0	1.085	1.052	1.054	1.072	1.039	1.041	1.054	1.076	1.042	1.059	1.061	1.016	1.043	1.079	1.059	1.077	1.099	1.044	1.08
Pop031	1.141	1.13	1.149	1.128	1.135	0.833	1.124	1.144	0.824	0.823	1.148	0.827	1.124	1.054	1.149	0.933	1.062	0.958	0.998	0.955	1.063	1.015	0.954	1.034	1.095	1.052	1.06	1.037	1.109	1.085	0	1.078	1.04	1.008	1.042	1.035	1.121	1.018	1.095	1.008	1.121	1.062	1.062	1.046	1.117	1.019	1.03	1.102	1.026
Pop032	1.123	1.113	1.134	1.115	1.12	0.837	1.111	1.126	0.829	0.829	1.127	0.831	1.107	1.108	1.13	1.058	1.107	1.072	1.088	1.082	1.086	1.094	1.06	1.004	0.992	1.109	1.112	1.051	1.007	1.052	1.078	0	1.012	1.044	1.003	1.012	1.124	1.052	0.991	1.025	0.998	0.978	1.01	1.035	0.998	1.038	1.111	0.985	1.05
Pop033	1.119	1.106	1.134	1.11	1.117	0.816	1.103	1.121	0.807	0.808	1.129	0.809	1.106	1.102	1.13	1.028	1.103	1.056	1.064	1.055	1.061	1.084	1.01	1.01	0.972	1.096	1.103	1.041	1.004	1.054	1.04	1.012	0	1.035	1.004	1.003	1.112	1.064	0.984	1.011	0.987	0.968	1.01	1.016	0.988	1.023	1.097	0.979	1.033
Pop034	1.138	1.13	1.154	1.136	1.139	0.839	1.128	1.15	0.83	0.83	1.149	0.833	1.128	1.086	1.148	0.964	1.077	1.023	1.035	1.015	1.057	1.067	0.998	1.021	1.06	1.084	1.094	1.044	1.074	1.072	1.008	1.044	1.035	0	1.027	1.015	1.131	1.018	1.065	1.021	1.085	1.03	1.053	1.046	1.078	1.023	1.045	1.07	1.029
Pop035	1.141	1.132	1.151	1.133	1.136	0.834	1.122	1.143	0.824	0.824	1.144	0.827	1.122	1.104	1.151	1.02	1.111	1.054	1.063	1.05	1.076	1.083	1.028	0.996	1.012	1.112	1.102	1.052	1.034	1.039	1.042	1.003	1.004	1.027	0	0.988	1.131	1.042	1.02	1.003	1.029	0.986	1.029	1.023	1.023	1.022	1.09	1.015	1.029
Pop036	1.134	1.125	1.147	1.124	1.133	0.825	1.117	1.139	0.816	0.816	1.146	0.819	1.119	1.091	1.144	1.023	1.103	1.043	1.064	1.047	1.071	1.071	1.026	0.996	1.01	1.097	1.094	1.041	1.037	1.041	1.035	1.012	1.003	1.015	0.988	0	1.124	1.039	1.023	0.993	1.033	0.997	1.021	1.025	1.027	1.004	1.062	1.018	1.028
Pop037	1.027	1.016	1.03	1.004	0.995	0.863	0.988	1.025	0.858	0.857	1.036	0.86	0.99	1.077	1.008	1.122	1.089	1.124	1.101	1.126	1.065	1.084	1.098	1.12	1.081	1.08	1.123	1.042	1.081	1.054	1.121	1.124	1.112	1.131	1.131	1.124	0	1.141	1.077	1.123	1.095	1.053	1.079	1.134	1.087	1.132	1.101	1.072	1.142
Pop038	1.155	1.14	1.168	1.155	1.153	0.859	1.139	1.162	0.852	0.851	1.169	0.854	1.139	1.08	1.168	0.981	1.08	1.015	1.034	1.009	1.067	1.07	1.013	1.026	1.08	1.088	1.093	1.042	1.092	1.076	1.018	1.052	1.064	1.018	1.042	1.039	1.141	0	1.073	1.037	1.098	1.049	1.049	1.062	1.093	1.05	1.069	1.076	1.05
Pop039	1.071	1.06	1.085	1.058	1.061	0.79	1.053	1.068	0.783	0.782	1.072	0.785	1.049	1.09	1.074	1.091	1.102	1.104	1.111	1.098	1.066	1.087	1.065	1.018	0.881	1.101	1.115	1.038	0.9	1.042	1.095	0.991	0.984	1.065	1.02	1.023	1.077	1.073	0	1.027	0.88	0.901	0.953	1.004	0.877	1.038	1.124	0.88	1.049
Pop040	1.134	1.122	1.14	1.127	1.128	0.818	1.115	1.138	0.81	0.808	1.143	0.812	1.115	1.083	1.139	1.005	1.089	1.03	1.054	1.028	1.074	1.052	0.998	1	1.01	1.084	1.079	1.037	1.031	1.059	1.008	1.025	1.011	1.021	1.003	0.993	1.123	1.037	1.027	0	1.031	1.007	1.024	1.019	1.037	0.994	1.064	1.032	1.015
Pop041	1.094	1.073	1.096	1.084	1.084	0.815	1.073	1.091	0.807	0.806	1.099	0.809	1.065	1.121	1.096	1.119	1.13	1.131	1.133	1.124	1.088	1.118	1.087	1.024	0.847	1.122	1.136	1.065	0.875	1.061	1.121	0.998	0.987	1.085	1.029	1.033	1.095	1.098	0.88	1.031	0	0.893	0.969	1.013	0.857	1.038	1.147	0.877	1.051
Pop042	1.046	1.03	1.052	1.028	1.031	0.748	1.029	1.043	0.738	0.738	1.042	0.741	1.018	1.056	1.046	1.051	1.074	1.065	1.067	1.063	1.028	1.061	1.035	0.993	0.886	1.07	1.087	1.002	0.919	1.016	1.062	0.978	0.968	1.03	0.986	0.997	1.053	1.049	0.901	1.007	0.893	0	0.941	0.997	0.899	1.02	1.096	0.882	1.03
Pop043	1.08	1.058	1.086	1.07	1.066	0.792	1.064	1.081	0.783	0.782	1.085	0.786	1.056	1.067	1.081	1.047	1.08	1.067	1.071	1.058	1.046	1.057	1.035	1.006	0.948	1.065	1.087	1.006	0.956	1.043	1.062	1.01	1.01	1.053	1.029	1.021	1.079	1.049	0.953	1.024	0.969	0.941	0	1.026	0.958	1.045	1.097	0.957	1.045
Pop044	1.136	1.122	1.144	1.132	1.131	0.842	1.12	1.14	0.835	0.833	1.144	0.837	1.118	1.116	1.145	1.05	1.098	1.056	1.077	1.064	1.091	1.089	1.036	1.021	0.999	1.104	1.104	1.07	1.006	1.079	1.046	1.035	1.016	1.046	1.023	1.025	1.134	1.062	1.004	1.019	1.013	0.997	1.026	0	1.012	1.011	1.103	1.007	1.043
Pop045	1.086	1.063	1.089	1.071	1.074	0.805	1.06	1.079	0.799	0.797	1.084	0.8	1.055	1.112	1.084	1.113	1.122	1.123	1.125	1.118	1.077	1.112	1.082	1.029	0.862	1.121	1.13	1.054	0.875	1.059	1.117	0.998	0.988	1.078	1.023	1.027	1.087	1.093	0.877	1.037	0.857	0.899	0.958	1.012	0	1.039	1.144	0.871	1.053
Pop046	1.14	1.12	1.146	1.125	1.137	0.832	1.123	1.139	0.825	0.825	1.144	0.827	1.121	1.095	1.145	1.019	1.089	1.04	1.065	1.042	1.082	1.075	1.01	1.015	1.013	1.096	1.089	1.056	1.027	1.077	1.019	1.038	1.023	1.023	1.022	1.004	1.132	1.05	1.038	0.994	1.038	1.02	1.045	1.011	1.039	0	1.051	1.033	1.022
Pop047	1.155	1.146	1.165	1.151	1.152	0.901	1.147	1.159	0.892	0.891	1.167	0.895	1.143	1.092	1.162	1.018	1.097	1.056	1.062	1.052	1.096	1.093	1.048	1.077	1.123	1.118	1.103	1.065	1.134	1.099	1.03	1.111	1.097	1.045	1.09	1.062	1.101	1.069	1.124	1.064	1.147	1.096	1.097	1.103	1.144	1.051	0	1.127	1.086
Pop048	1.074	1.055	1.077	1.056	1.053	0.785	1.055	1.066	0.779	0.779	1.07	0.782	1.05	1.093	1.07	1.093	1.104	1.106	1.113	1.097	1.056	1.096	1.067	1.018	0.886	1.104	1.112	1.037	0.889	1.044	1.102	0.985	0.979	1.07	1.015	1.018	1.072	1.076	0.88	1.032	0.877	0.882	0.957	1.007	0.871	1.033	1.127	0	1.033
Pop049	1.153	1.141	1.158	1.143	1.149	0.853	1.14	1.15	0.845	0.845	1.155	0.847	1.141	1.097	1.162	1.014	1.108	1.054	1.064	1.043	1.079	1.082	1.024	1.018	1.037	1.106	1.098	1.06	1.042	1.08	1.026	1.05	1.033	1.029	1.029	1.028	1.142	1.05	1.049	1.015	1.051	1.03	1.045	1.043	1.053	1.022	1.086	1.033	0