	Pop001	Pop002	Pop003	Pop004	Pop005	Pop006	Pop007	Pop008	Pop009	Pop010	Pop011	Pop012	Pop013	Pop014	Pop015	Pop016	Pop017	Pop018	Pop019	Pop020	Pop021	Pop022	Pop023	Pop024	Pop025	Pop026	Pop027	Pop028	Pop029	Pop030	Pop031	Pop032	Pop033	Pop034	Pop035	Pop036	Pop037	Pop038	Pop039	Pop040	Pop041	Pop042	Pop043	Pop044	Pop045	Pop046	Pop047	Pop048	Pop049
Pop001	0	-0.008	0.043	0.11	0.041	0	-0.011	0.057	0	0	0.028	0	0.032	0.119	0.022	0.279	0.12	0.171	0.154	0	0.114	0.06	0.417	0.202	0.286	0.034	0	0.203	0.163	0.132	0.406	0.227	0.202	0.172	0.197	0.205	0.155	0.229	0	0.253	0.205	0	0	0.191	0.272	0.259	0.207	0	0.248
Pop002	-0.008	0	-0.005	0.004	-0.014	0	0.037	-0.003	0	0	-0.002	0	0.007	0.077	-0.009	0.174	0.1	0.14	0.109	0.111	0.112	0.061	0.199	0.126	0.134	0.069	0.118	0.04	0.121	0.053	0.17	0.119	0.077	0.135	0.139	0.122	0.067	0.114	0.01	0.141	0.113	0	0	0.091	0.176	0.121	0.2	0.082	0.123
Pop003	0.043	-0.005	0	0.021	-0.002	0	0.045	0.007	0	0	0.051	0	0.031	0.083	0.02	0.157	0.075	0.147	0.102	0.103	0.116	0.063	0.241	0.143	0.114	0.049	0.101	0.073	0.149	0.055	0.185	0.088	0.087	0.101	0.148	0.115	0.066	0.135	-0.045	0.096	0.133	0	0	0.086	0.148	0.088	0.186	0.031	0.098
Pop004	0.11	0.004	0.021	0	-0.007	0.187	-0.034	0.025	0	0	0.007	0	0.024	0.078	0.007	0.187	0.117	0.154	0.111	0.129	0.117	0.078	0.24	0.153	0.189	0.086	0.11	0.086	0.172	0.112	0.213	0.135	0.134	0.132	0.177	0.148	0.132	0.121	0.177	0.188	0.166	0	0	0.177	0.172	0.156	0.202	0.106	0.124
Pop005	0.041	-0.014	-0.002	-0.007	0	0	-0.02	0.026	0	0	0.006	0	0.003	0.066	0.009	0.18	0.073	0.133	0.09	0.092	0.115	0.087	0.168	0.12	0.155	0.025	0.093	0.116	0.128	0.087	0.191	0.129	0.078	0.124	0.11	0.118	0.08	0.111	0	0.108	0.112	0	0	0.092	0.164	0.066	0.191	0.07	0.106
Pop006	0	0	0	0.187	0	0	0	0.094	0	0	0.104	0	0.163	0	0	0	0.167	0.15	0	0	0	0	0	0	0.219	0	0	0	0.15	0.104	0	0.161	0.104	0.323	0.26	0	0	0.045	0	0	0	0	0	0	0.24	0	0	0	0.042
Pop007	-0.011	0.037	0.045	-0.034	-0.02	0	0	-0.002	0	0	-0.007	0	0.052	0.068	-0.01	0.164	0.077	0.066	0.081	0	0.122	0.042	0.188	0.156	0.14	0.12	0	0	0.156	0.059	0.261	0.076	0.106	0.043	0.162	0.078	0.102	0.112	0	0.197	0.164	0	0	0.082	0.183	0.195	0.238	0	0.166
Pop008	0.057	-0.003	0.007	0.025	0.026	0.094	-0.002	0	0	0	0.033	0	0.05	0.083	0.015	0.199	0.1	0.146	0.14	0.113	0.18	0.1	0.318	0.167	0.124	0.04	0.135	0.221	0.133	0.118	0.199	0.217	0.122	0.163	0.165	0.164	0.095	0.156	0.237	0.162	0.138	0	0	0.156	0.177	0.109	0.221	0.208	0.106
Pop009	0	0	0	0	0	0	0	0	0	0	0	0	0	0	0	0	0	0	0	0	0	0	0	0	0	0	0	0	0	0	0	0	0	0	0	0	0	0	0	0	0	0	0	0	0	0	0	0	0
Pop010	0	0	0	0	0	0	0	0	0	0	0	0	0	0	0	0	0	0	0	0	0	0	0	0	0	0	0	0	0	0	0	0	0	0	0	0	0	0	0	0	0	0	0	0	0	0	0	0	0
Pop011	0.028	-0.002	0.051	0.007	0.006	0.104	-0.007	0.033	0	0	0	0	0.023	0.065	0.012	0.174	0.104	0.157	0.117	0.057	0.132	0.075	0.184	0.166	0.189	0.104	0.129	0.108	0.232	0.114	0.2	0.149	0.134	0.168	0.157	0.154	0.103	0.13	0.165	0.157	0.146	0	0	0.134	0.185	0.195	0.189	0.074	0.119
Pop012	0	0	0	0	0	0	0	0	0	0	0	0	0	0	0	0	0	0	0	0	0	0	0	0	0	0	0	0	0	0	0	0	0	0	0	0	0	0	0	0	0	0	0	0	0	0	0	0	0
Pop013	0.032	0.007	0.031	0.024	0.003	0.163	0.052	0.05	0	0	0.023	0	0	0.08	0.001	0.171	0.091	0.154	0.106	0.035	0.096	0.066	0.16	0.134	0.143	0.066	0.135	0.065	0.133	0.092	0.175	0.127	0.097	0.123	0.136	0.111	0.087	0.104	0.066	0.142	0.132	0	0	0.125	0.137	0.148	0.2	0.114	0.109
Pop014	0.119	0.077	0.083	0.078	0.066	0	0.068	0.083	0	0	0.065	0	0.08	0	0.048	0.071	0.033	0.047	0.03	0.003	0.08	0.014	0.069	0.059	0.141	-0.003	0.027	0.01	0.119	0.03	0.051	0.084	0.037	0.036	0.046	0.048	0.11	0.045	0.079	0.051	0.166	0	0	0.029	0.168	0.042	0.101	0.064	0.017
Pop015	0.022	-0.009	0.02	0.007	0.009	0	-0.01	0.015	0	0	0.012	0	0.001	0.048	0	0.156	0.084	0.16	0.094	0.091	0.1	0.053	0.169	0.13	0.127	0.045	0.154	0.064	0.14	0.07	0.178	0.111	0.064	0.102	0.128	0.114	0.078	0.12	0.042	0.112	0.124	0	0	0.109	0.159	0.117	0.164	0.06	0.109
Pop016	0.279	0.174	0.157	0.187	0.18	0	0.164	0.199	0	0	0.174	0	0.171	0.071	0.156	0	0.07	0.01	0.007	-0.046	0.095	0.042	0.034	0.034	0.187	0.046	0.051	0.017	0.143	0.036	0.003	0.102	0.041	0.008	0.041	0.031	0.189	0.008	0.174	0.029	0.19	0	0	0.049	0.179	0.031	0.095	0.131	0.02
Pop017	0.12	0.1	0.075	0.117	0.073	0.167	0.077	0.1	0	0	0.104	0	0.091	0.033	0.084	0.07	0	0.056	0.038	0.023	0.103	0.051	0.047	0.059	0.141	0.022	0.084	0.002	0.146	0.012	0.06	0.055	0.063	0.047	0.074	0.073	0.137	0.049	0.238	0.05	0.168	0	0	0.063	0.179	0.06	0.124	0.097	0.049
Pop018	0.171	0.14	0.147	0.154	0.133	0.15	0.066	0.146	0	0	0.157	0	0.154	0.047	0.16	0.01	0.056	0	0.005	-0.012	0.082	0.019	0.003	0.025	0.197	0.024	0.007	0.03	0.203	0.023	0	0.088	0.035	-0.002	0.036	0.018	0.127	-0.005	0.165	0.016	0.187	0	0	0.04	0.179	0.032	0.075	0.126	0.006
Pop019	0.154	0.109	0.102	0.111	0.09	0	0.081	0.14	0	0	0.117	0	0.106	0.03	0.094	0.007	0.038	0.005	0	-0.026	0.046	-0.009	0.025	0.02	0.133	0.019	0.033	-0.012	0.129	0.008	0.017	0.043	0.019	0.002	0.024	0.021	0.118	-0.011	0.124	0.02	0.166	0	0	0.036	0.161	0.017	0.065	0.093	0.005
Pop020	0	0.111	0.103	0.129	0.092	0	0	0.113	0	0	0.057	0	0.035	0.003	0.091	-0.046	0.023	-0.012	-0.026	0	0.031	0.019	-0.005	-0.005	0.107	0.039	0.005	-0.037	0.054	0.007	0.023	0.055	-0.034	-0.01	0.014	-0.009	0.088	-0.009	0	0.007	0.217	0	0	-0.045	0.096	0.012	0.045	0	-0.016
Pop021	0.114	0.112	0.116	0.117	0.115	0	0.122	0.18	0	0	0.132	0	0.096	0.08	0.1	0.095	0.103	0.082	0.046	0.031	0	0.047	0.086	0.08	0.186	0.086	0.097	0.023	0.154	0.078	0.125	0.118	0.074	0.066	0.093	0.084	0.15	0.061	0.077	0.102	0.178	0	0	0.098	0.205	0.102	0.121	0.121	0.083
Pop022	0.06	0.061	0.063	0.078	0.087	0	0.042	0.1	0	0	0.075	0	0.066	0.014	0.053	0.042	0.051	0.019	-0.009	0.019	0.047	0	0.028	0.025	0.138	0.012	0.059	0.003	0.094	0.032	0.05	0.081	0.037	0.033	0.034	0.02	0.095	0.011	0	0.045	0.148	0	0	0.021	0.152	0.039	0.062	0.032	0.039
Pop023	0.417	0.199	0.241	0.24	0.168	0	0.188	0.318	0	0	0.184	0	0.16	0.069	0.169	0.034	0.047	0.003	0.025	-0.005	0.086	0.028	0	0.061	0.181	0.036	0.061	0.037	0.249	0.028	0.019	0.13	0.018	0.008	0.073	0.066	0.177	0.026	0.09	0.02	0.223	0	0	0.06	0.295	0.03	0.126	0.326	0.046
Pop024	0.202	0.126	0.143	0.153	0.12	0	0.156	0.167	0	0	0.166	0	0.134	0.059	0.13	0.034	0.059	0.025	0.02	-0.005	0.08	0.025	0.061	0	0.076	0.085	0.052	-0.001	0.093	0.003	0.022	-0.001	-0.002	0.004	0.005	-0.001	0.146	0.006	0.071	0.01	0.071	0	0	0.001	0.072	0.005	0.081	0	-0.001
Pop025	0.286	0.134	0.114	0.189	0.155	0.219	0.14	0.124	0	0	0.189	0	0.143	0.141	0.127	0.187	0.141	0.197	0.133	0.107	0.186	0.138	0.181	0.076	0	0.129	0.152	0.068	0.005	0.046	0.201	0.069	0.031	0.105	0.077	0.065	0.179	0.081	0.012	0.074	0	0	0	0.049	0	0.082	0.189	-0.02	0.057
Pop026	0.034	0.069	0.049	0.086	0.025	0	0.12	0.04	0	0	0.104	0	0.066	-0.003	0.045	0.046	0.022	0.024	0.019	0.039	0.086	0.012	0.036	0.085	0.129	0	0.049	0.051	0.065	0.032	0.079	0.14	0.055	0.069	0.056	0.059	0.126	0.041	0	0.044	0.159	0	0	0.063	0.208	0.011	0.131	0.005	0.039
Pop027	0	0.118	0.101	0.11	0.093	0	0	0.135	0	0	0.129	0	0.135	0.027	0.154	0.051	0.084	0.007	0.033	0.005	0.097	0.059	0.061	0.052	0.152	0.049	0	0.01	0.118	0.027	0.015	0.06	0.064	0.039	0.077	0.032	0.168	0.025	0.098	0.042	0.169	0	0	0.04	0.105	0.066	0.118	0.08	0.034
Pop028	0.203	0.04	0.073	0.086	0.116	0	0	0.221	0	0	0.108	0	0.065	0.01	0.064	0.017	0.002	0.03	-0.012	-0.037	0.023	0.003	0.037	-0.001	0.068	0.051	0.01	0	0.116	0.055	0.031	0.041	0.014	0.014	0.048	0.028	0.123	-0.009	0	0.03	0.111	0	0	0.051	0.097	0.037	0.065	0.072	0.019
Pop029	0.163	0.121	0.149	0.172	0.128	0.15	0.156	0.133	0	0	0.232	0	0.133	0.119	0.14	0.143	0.146	0.203	0.129	0.054	0.154	0.094	0.249	0.093	0.005	0.065	0.118	0.116	0	0.081	0.189	0.04	0.039	0.108	0.072	0.066	0.202	0.101	0.149	0.074	0.022	0	0	0.049	0.033	0.066	0.205	-0.02	0.056
Pop030	0.132	0.053	0.055	0.112	0.087	0.104	0.059	0.118	0	0	0.114	0	0.092	0.03	0.07	0.036	0.012	0.023	0.008	0.007	0.078	0.032	0.028	0.003	0.046	0.032	0.027	0.055	0.081	0	0.031	-0.034	-0.034	-0.005	0.002	-0.012	0.042	-0.024	-0.034	0.017	0.047	0	0	0.002	0.084	0.012	0.048	-0.011	-0.013
Pop031	0.406	0.17	0.185	0.213	0.191	0	0.261	0.199	0	0	0.2	0	0.175	0.051	0.178	0.003	0.06	0	0.017	0.023	0.125	0.05	0.019	0.022	0.201	0.079	0.015	0.031	0.189	0.031	0	0.097	0.048	0.006	0.04	0.04	0.164	0.008	-0.074	0.016	0.198	0	0	0.041	0.195	0.037	0.062	0.187	0.022
Pop032	0.227	0.119	0.088	0.135	0.129	0.161	0.076	0.217	0	0	0.149	0	0.127	0.084	0.111	0.102	0.055	0.088	0.043	0.055	0.118	0.081	0.13	-0.001	0.069	0.14	0.06	0.041	0.04	-0.034	0.097	0	-0.011	0.042	-0.004	0.01	0.134	0.024	0	0.027	0.036	0	0	0.009	0.067	0.028	0.167	0.025	0.02
Pop033	0.202	0.077	0.087	0.134	0.078	0.104	0.106	0.122	0	0	0.134	0	0.097	0.037	0.064	0.041	0.063	0.035	0.019	-0.034	0.074	0.037	0.018	-0.002	0.031	0.055	0.064	0.014	0.039	-0.034	0.048	-0.011	0	-0.018	-0.01	-0.013	0.144	-0.012	0.103	-0.013	0.024	0	0	-0.01	0.019	-0.002	0.12	-0.023	-0.015
Pop034	0.172	0.135	0.101	0.132	0.124	0.323	0.043	0.163	0	0	0.168	0	0.123	0.036	0.102	0.008	0.047	-0.002	0.002	-0.01	0.066	0.033	0.008	0.004	0.105	0.069	0.039	0.014	0.108	-0.005	0.006	0.042	-0.018	0	0.003	0	0.152	-0.004	0.006	0.002	0.122	0	0	0.031	0.119	0	0.074	0.042	-0.014
Pop035	0.197	0.139	0.148	0.177	0.11	0.26	0.162	0.165	0	0	0.157	0	0.136	0.046	0.128	0.041	0.074	0.036	0.024	0.014	0.093	0.034	0.073	0.005	0.077	0.056	0.077	0.048	0.072	0.002	0.04	-0.004	-0.01	0.003	0	0.004	0.159	0.005	-0.015	0	0.066	0	0	0.008	0.072	0.013	0.083	0.027	-0.006
Pop036	0.205	0.122	0.115	0.148	0.118	0	0.078	0.164	0	0	0.154	0	0.111	0.048	0.114	0.031	0.073	0.018	0.021	-0.009	0.084	0.02	0.066	-0.001	0.065	0.059	0.032	0.028	0.066	-0.012	0.04	0.01	-0.013	0	0.004	0	0.15	-0.003	0	0.011	0.066	0	0	0.004	0.078	0.018	0.078	0.027	0
Pop037	0.155	0.067	0.066	0.132	0.08	0	0.102	0.095	0	0	0.103	0	0.087	0.11	0.078	0.189	0.137	0.127	0.118	0.088	0.15	0.095	0.177	0.146	0.179	0.126	0.168	0.123	0.202	0.042	0.164	0.134	0.144	0.152	0.159	0.15	0	0.108	0.009	0.151	0.201	0	0	0.131	0.212	0.166	0.149	0.15	0.154
Pop038	0.229	0.114	0.135	0.121	0.111	0.045	0.112	0.156	0	0	0.13	0	0.104	0.045	0.12	0.008	0.049	-0.005	-0.011	-0.009	0.061	0.011	0.026	0.006	0.081	0.041	0.025	-0.009	0.101	-0.024	0.008	0.024	-0.012	-0.004	0.005	-0.003	0.108	0	0.012	-0.008	0.106	0	0	-0.006	0.103	-0.005	0.053	0.036	-0.012
Pop039	0	0.01	-0.045	0.177	0	0	0	0.237	0	0	0.165	0	0.066	0.079	0.042	0.174	0.238	0.165	0.124	0	0.077	0	0.09	0.071	0.012	0	0.098	0	0.149	-0.034	-0.074	0	0.103	0.006	-0.015	0	0.009	0.012	0	0.012	0.054	0	0	0.001	-0.014	0.061	0.14	0	0.05
Pop040	0.253	0.141	0.096	0.188	0.108	0	0.197	0.162	0	0	0.157	0	0.142	0.051	0.112	0.029	0.05	0.016	0.02	0.007	0.102	0.045	0.02	0.01	0.074	0.044	0.042	0.03	0.074	0.017	0.016	0.027	-0.013	0.002	0	0.011	0.151	-0.008	0.012	0	0.072	0	0	-0.008	0.091	-0.002	0.067	0.063	-0.01
Pop041	0.205	0.113	0.133	0.166	0.112	0	0.164	0.138	0	0	0.146	0	0.132	0.166	0.124	0.19	0.168	0.187	0.166	0.217	0.178	0.148	0.223	0.071	0	0.159	0.169	0.111	0.022	0.047	0.198	0.036	0.024	0.122	0.066	0.066	0.201	0.106	0.054	0.072	0	0	0	0.04	-0.004	0.071	0.212	-0.009	0.074
Pop042	0	0	0	0	0	0	0	0	0	0	0	0	0	0	0	0	0	0	0	0	0	0	0	0	0	0	0	0	0	0	0	0	0	0	0	0	0	0	0	0	0	0	0	0	0	0	0	0	0
Pop043	0	0	0	0	0	0	0	0	0	0	0	0	0	0	0	0	0	0	0	0	0	0	0	0	0	0	0	0	0	0	0	0	0	0	0	0	0	0	0	0	0	0	0	0	0	0	0	0	0
Pop044	0.191	0.091	0.086	0.177	0.092	0	0.082	0.156	0	0	0.134	0	0.125	0.029	0.109	0.049	0.063	0.04	0.036	-0.045	0.098	0.021	0.06	0.001	0.049	0.063	0.04	0.051	0.049	0.002	0.041	0.009	-0.01	0.031	0.008	0.004	0.131	-0.006	0.001	-0.008	0.04	0	0	0	0.031	0.003	0.077	0.016	-0.005
Pop045	0.272	0.176	0.148	0.172	0.164	0.24	0.183	0.177	0	0	0.185	0	0.137	0.168	0.159	0.179	0.179	0.179	0.161	0.096	0.205	0.152	0.295	0.072	0	0.208	0.105	0.097	0.033	0.084	0.195	0.067	0.019	0.119	0.072	0.078	0.212	0.103	-0.014	0.091	-0.004	0	0	0.031	0	0.103	0.204	-0.03	0.06
Pop046	0.259	0.121	0.088	0.156	0.066	0	0.195	0.109	0	0	0.195	0	0.148	0.042	0.117	0.031	0.06	0.032	0.017	0.012	0.102	0.039	0.03	0.005	0.082	0.011	0.066	0.037	0.066	0.012	0.037	0.028	-0.002	0	0.013	0.018	0.166	-0.005	0.061	-0.002	0.071	0	0	0.003	0.103	0	0.088	0.041	-0.009
Pop047	0.207	0.2	0.186	0.202	0.191	0	0.238	0.221	0	0	0.189	0	0.2	0.101	0.164	0.095	0.124	0.075	0.065	0.045	0.121	0.062	0.126	0.081	0.189	0.131	0.118	0.065	0.205	0.048	0.062	0.167	0.12	0.074	0.083	0.078	0.149	0.053	0.14	0.067	0.212	0	0	0.077	0.204	0.088	0	0.131	0.059
Pop048	0	0.082	0.031	0.106	0.07	0	0	0.208	0	0	0.074	0	0.114	0.064	0.06	0.131	0.097	0.126	0.093	0	0.121	0.032	0.326	0	-0.02	0.005	0.08	0.072	-0.02	-0.011	0.187	0.025	-0.023	0.042	0.027	0.027	0.15	0.036	0	0.063	-0.009	0	0	0.016	-0.03	0.041	0.131	0	0.018
Pop049	0.248	0.123	0.098	0.124	0.106	0.042	0.166	0.106	0	0	0.119	0	0.109	0.017	0.109	0.02	0.049	0.006	0.005	-0.016	0.083	0.039	0.046	-0.001	0.057	0.039	0.034	0.019	0.056	-0.013	0.022	0.02	-0.015	-0.014	-0.006	0	0.154	-0.012	0.05	-0.01	0.074	0	0	-0.005	0.06	-0.009	0.059	0.018	0