	Pop001	Pop002	Pop003	Pop004	Pop005	Pop006	Pop007	Pop008	Pop009	Pop010	Pop011	Pop012	Pop013	Pop014	Pop015	Pop016	Pop017	Pop018	Pop019	Pop020	Pop021	Pop022	Pop023	Pop024	Pop025	Pop026	Pop027	Pop028	Pop029	Pop030	Pop031	Pop032	Pop033	Pop034	Pop035	Pop036	Pop037	Pop038	Pop039	Pop040	Pop041	Pop042	Pop043	Pop044	Pop045	Pop046	Pop047	Pop048	Pop049	Pop050	Pop051	Pop052	Pop053	Pop054	Pop055	Pop056	Pop057	Pop058	Pop059	Pop060	Pop061	Pop062	Pop063	Pop064	Pop065	Pop066	Pop067	Pop068	Pop069
Pop001	0	0.947	0.962	0.974	0.96	0.962	0.992	0.971	0.981	0.979	0.977	0.938	0.985	0.969	0.954	0.973	0.958	0.989	1.016	1.026	0.77	0.988	1.047	1.008	0.989	0.976	0.996	1.002	0.956	1.012	0.765	1.016	0.812	0.991	1.004	0.98	0.983	1.018	1.001	1.008	1.03	1.064	0.996	0.986	0.992	0.998	0.993	1.012	1.018	0.998	1.014	1.024	0.985	0.986	1.028	1.004	0.982	0.884	0.774	0.764	0.773	0.773	0.777	0.777	0.778	0.777	0.774	0.778	0.773
Pop002	0.947	0	0.932	0.959	0.94	0.909	0.937	0.936	0.94	0.979	0.927	0.9	0.969	0.944	0.94	0.918	0.947	0.957	0.995	0.991	0.728	0.964	1.032	0.985	0.953	0.972	0.991	0.995	0.92	0.995	0.722	0.972	0.773	0.948	0.999	0.966	0.989	0.999	0.963	0.983	0.994	1.042	0.972	0.977	0.964	0.982	0.98	0.972	0.994	0.976	0.989	1.017	0.962	0.982	1.017	0.981	0.95	0.851	0.733	0.723	0.732	0.732	0.736	0.735	0.735	0.736	0.733	0.737	0.732
Pop003	0.962	0.932	0	0.952	0.958	0.938	0.956	0.949	0.952	0.955	0.958	0.937	0.974	0.957	0.958	0.95	0.955	0.987	1.014	1.023	0.764	0.994	1.047	1.007	0.969	0.991	0.995	1.002	0.957	1.019	0.758	1.003	0.806	0.97	1.024	1.002	1.007	1.041	0.994	1.013	1.038	1.058	0.989	0.998	0.995	1.006	0.991	1.016	1.017	1.004	1.025	1.028	0.986	0.999	1.048	1.002	0.991	0.873	0.767	0.759	0.767	0.766	0.771	0.771	0.771	0.771	0.768	0.773	0.767
Pop004	0.974	0.959	0.952	0	0.944	0.944	0.981	0.98	0.973	0.951	0.974	0.958	0.982	0.972	0.973	0.952	0.958	0.982	1.021	1.034	0.778	1.011	1.047	1.009	0.997	0.995	0.993	1.003	0.972	1.016	0.772	1.012	0.817	0.975	1.022	1.005	1.016	1.043	1.008	1.017	1.033	1.07	1.013	0.996	1.002	1.001	1.011	1.023	1.032	1.012	1.032	1.031	1.002	0.992	1.048	1.021	1.006	0.888	0.781	0.773	0.781	0.781	0.785	0.784	0.784	0.784	0.782	0.786	0.781
Pop005	0.96	0.94	0.958	0.944	0	0.952	0.986	0.977	0.99	0.964	0.967	0.946	0.988	0.968	0.953	0.974	0.944	0.991	1.021	1.044	0.771	1.005	1.053	1.014	0.996	0.991	0.998	0.992	0.973	1.013	0.766	1.02	0.813	0.985	1.006	0.984	0.996	1.036	1.008	1.006	1.033	1.065	1.003	0.985	0.994	0.995	0.998	1.021	1.032	1.001	1.03	1.027	0.992	0.982	1.037	1.017	1.009	0.88	0.775	0.765	0.774	0.774	0.779	0.777	0.778	0.777	0.776	0.779	0.774
Pop006	0.962	0.909	0.938	0.944	0.952	0	0.925	0.935	0.926	0.98	0.912	0.923	0.974	0.939	0.942	0.901	0.949	0.955	0.99	0.987	0.726	0.969	1.031	0.986	0.968	0.977	0.98	1.002	0.936	1.005	0.72	0.964	0.77	0.938	0.987	0.963	0.995	1	0.952	0.98	0.997	1.041	0.975	0.971	0.969	0.976	0.981	0.97	0.99	0.966	1.006	1.007	0.961	0.979	1.017	0.982	0.958	0.839	0.729	0.72	0.729	0.729	0.733	0.731	0.732	0.734	0.73	0.735	0.729
Pop007	0.992	0.937	0.956	0.981	0.986	0.925	0	0.952	0.933	0.998	0.943	0.942	0.987	0.965	0.972	0.915	0.982	0.97	0.995	0.989	0.752	0.97	1.023	1.004	0.958	0.987	1.014	1.019	0.939	1.026	0.747	0.971	0.795	0.966	1.019	0.99	1.004	1.009	0.959	0.999	1.012	1.041	0.981	0.993	0.981	0.99	0.987	0.986	0.985	0.982	1.015	1.012	0.971	0.997	1.042	0.978	0.964	0.871	0.755	0.747	0.755	0.756	0.76	0.758	0.76	0.76	0.757	0.761	0.757
Pop008	0.971	0.936	0.949	0.98	0.977	0.935	0.952	0	0.943	0.98	0.959	0.933	0.953	0.957	0.954	0.944	0.976	0.971	1.001	1.014	0.758	0.99	1.032	1.001	0.964	0.983	0.991	1.017	0.955	1.036	0.752	0.995	0.801	0.982	1.011	0.998	1.009	1.019	0.982	1.004	1.007	1.046	0.987	0.997	1.004	0.998	0.999	1.011	1.017	1	1.018	1.03	0.988	0.995	1.032	0.996	0.989	0.88	0.762	0.752	0.761	0.761	0.766	0.765	0.765	0.765	0.762	0.767	0.762
Pop009	0.981	0.94	0.952	0.973	0.99	0.926	0.933	0.943	0	0.99	0.942	0.943	0.976	0.952	0.968	0.91	0.985	0.987	1.011	1.012	0.774	0.997	1.047	1.011	0.982	0.997	1.007	1.022	0.96	1.026	0.769	0.981	0.815	0.976	1.03	1.007	1.016	1.03	0.987	1.016	1.033	1.054	1.004	1.01	1.007	1.01	1.008	1.008	1.01	1.01	1.026	1.046	0.993	1.008	1.047	1.005	0.988	0.891	0.778	0.769	0.776	0.777	0.781	0.78	0.781	0.781	0.779	0.783	0.778
Pop010	0.979	0.979	0.955	0.951	0.964	0.98	0.998	0.98	0.99	0	0.998	0.985	0.982	0.969	0.981	0.988	0.985	1.008	1.014	1.055	0.792	1.015	1.058	1.01	0.996	0.992	0.992	1.009	0.993	1.035	0.788	1.038	0.83	0.999	1.024	1.009	1.011	1.054	1.019	1.023	1.052	1.073	0.997	0.998	1.006	1.007	0.997	1.052	1.035	1.02	1.038	1.04	0.995	0.985	1.057	1.018	1.033	0.918	0.796	0.787	0.795	0.795	0.799	0.798	0.798	0.799	0.796	0.801	0.796
Pop011	0.977	0.927	0.958	0.974	0.967	0.912	0.943	0.959	0.942	0.998	0	0.939	0.988	0.957	0.956	0.918	0.96	0.962	1.005	0.983	0.746	0.978	1.047	0.993	0.985	0.989	0.989	1	0.946	1.016	0.74	0.941	0.789	0.952	0.997	0.978	1.002	1	0.958	0.988	0.997	1.034	0.993	0.978	0.984	0.976	0.994	0.969	0.999	0.971	0.992	1.024	0.984	0.992	1.029	0.982	0.97	0.869	0.749	0.74	0.748	0.748	0.753	0.751	0.753	0.752	0.75	0.755	0.749
Pop012	0.938	0.9	0.937	0.958	0.946	0.923	0.942	0.933	0.943	0.985	0.939	0	0.963	0.954	0.942	0.931	0.949	0.955	0.989	0.988	0.732	0.959	1.03	0.98	0.955	0.967	0.99	1.001	0.92	0.996	0.726	0.97	0.776	0.959	0.993	0.966	0.977	0.992	0.965	0.985	0.992	1.044	0.975	0.983	0.976	0.98	0.98	0.976	0.997	0.978	0.987	1.014	0.968	0.983	1.013	0.977	0.944	0.85	0.734	0.725	0.733	0.733	0.738	0.737	0.738	0.737	0.734	0.74	0.733
Pop013	0.985	0.969	0.974	0.982	0.988	0.974	0.987	0.953	0.976	0.982	0.988	0.963	0	0.972	0.976	0.983	0.977	1	1.014	1.046	0.79	1.01	1.052	1.006	0.988	0.988	1.002	1.032	0.979	1.036	0.785	1.017	0.828	0.996	1.016	1.001	1.009	1.039	1.009	1.026	1.037	1.062	1.005	1.003	1.011	1.012	1.018	1.028	1.03	1	1.036	1.048	0.993	1.005	1.049	1.014	1.017	0.906	0.793	0.784	0.792	0.792	0.796	0.795	0.795	0.795	0.793	0.798	0.793
Pop014	0.969	0.944	0.957	0.972	0.968	0.939	0.965	0.957	0.952	0.969	0.957	0.954	0.972	0	0.968	0.928	0.965	0.993	1.021	1.031	0.775	1.005	1.047	1.026	0.998	0.994	0.99	1.011	0.973	1.027	0.771	1.004	0.817	0.97	1.016	0.998	1.024	1.032	0.994	1.014	1.038	1.061	1.008	1.005	1.006	1.007	1.016	1.022	1.024	0.998	1.037	1.05	0.996	0.998	1.056	1.017	1.005	0.887	0.778	0.771	0.779	0.779	0.783	0.782	0.781	0.782	0.78	0.784	0.779
Pop015	0.954	0.94	0.958	0.973	0.953	0.942	0.972	0.954	0.968	0.981	0.956	0.942	0.976	0.968	0	0.953	0.963	0.996	1.019	1.031	0.78	1	1.052	1.012	0.995	0.993	1.001	1.015	0.972	1.026	0.774	1.009	0.82	0.98	1.027	1.001	1.016	1.032	0.998	1.017	1.03	1.073	1.012	1.011	1.017	1.016	1.015	1.02	1.025	1.018	1.035	1.048	0.999	1.007	1.054	1.018	1.003	0.89	0.783	0.775	0.783	0.783	0.788	0.786	0.786	0.788	0.784	0.789	0.784
Pop016	0.973	0.918	0.95	0.952	0.974	0.901	0.915	0.944	0.91	0.988	0.918	0.931	0.983	0.928	0.953	0	0.958	0.971	1.01	0.991	0.749	0.979	1.047	1.007	0.982	0.988	0.985	1.01	0.943	1.016	0.743	0.957	0.793	0.96	1.012	0.986	1.012	1.015	0.972	0.998	1.002	1.039	0.991	0.989	0.994	0.993	0.995	0.994	1	0.985	0.998	1.033	0.978	1.001	1.036	0.999	0.972	0.861	0.753	0.743	0.752	0.752	0.756	0.755	0.757	0.757	0.753	0.759	0.752
Pop017	0.958	0.947	0.955	0.958	0.944	0.949	0.982	0.976	0.985	0.985	0.96	0.949	0.977	0.965	0.963	0.958	0	0.992	1.02	1.041	0.774	1.005	1.051	1.018	1.003	0.995	1.008	1.007	0.976	1.027	0.769	1.012	0.813	0.976	1.014	0.996	0.998	1.03	0.998	1.006	1.029	1.069	1.011	0.99	0.992	1	1.016	1.019	1.023	0.994	1.025	1.034	0.993	0.989	1.044	1.019	1.008	0.877	0.777	0.769	0.777	0.777	0.781	0.779	0.779	0.78	0.778	0.782	0.777
Pop018	0.989	0.957	0.987	0.982	0.991	0.955	0.97	0.971	0.987	1.008	0.962	0.955	1	0.993	0.996	0.971	0.992	0	0.959	0.984	0.727	0.957	1.001	0.966	0.96	0.955	1.003	0.974	0.942	0.986	0.723	0.963	0.769	0.937	0.975	0.954	0.98	0.977	0.943	0.958	0.973	1.016	0.963	0.948	0.962	0.95	0.969	0.969	0.968	0.954	0.971	0.985	0.95	0.956	0.993	0.958	0.949	0.876	0.732	0.723	0.731	0.732	0.736	0.735	0.735	0.736	0.733	0.738	0.732
Pop019	1.016	0.995	1.014	1.021	1.021	0.99	0.995	1.001	1.011	1.014	1.005	0.989	1.014	1.021	1.019	1.01	1.02	0.959	0	1.012	0.768	0.975	0.998	0.98	0.965	0.971	1.027	1.019	0.961	1.016	0.762	0.986	0.808	0.982	0.987	0.974	0.972	1.006	0.968	0.988	1.007	1.035	0.97	0.968	0.985	0.977	0.988	0.985	0.989	0.969	0.993	1.001	0.968	0.966	1.011	0.974	0.969	0.916	0.771	0.761	0.769	0.771	0.774	0.772	0.774	0.774	0.771	0.777	0.771
Pop020	1.026	0.991	1.023	1.034	1.044	0.987	0.989	1.014	1.012	1.055	0.983	0.988	1.046	1.031	1.031	0.991	1.041	0.984	1.012	0	0.789	0.955	1.055	0.991	0.981	0.988	1.046	1.054	0.961	1.034	0.782	0.955	0.828	1	1.025	0.988	0.989	1.003	0.967	0.99	1.001	1.022	0.989	0.993	0.984	0.983	0.988	0.96	0.998	1.001	0.972	1.028	0.998	1.009	1.021	0.973	0.967	0.914	0.792	0.782	0.791	0.791	0.794	0.795	0.796	0.795	0.792	0.795	0.792
Pop021	0.77	0.728	0.764	0.778	0.771	0.726	0.752	0.758	0.774	0.792	0.746	0.732	0.79	0.775	0.78	0.749	0.774	0.727	0.768	0.789	0	0.731	0.824	0.765	0.736	0.731	0.809	0.796	0.706	0.805	0.181	0.758	0.317	0.748	0.766	0.73	0.747	0.779	0.724	0.737	0.78	0.842	0.733	0.727	0.728	0.723	0.735	0.756	0.764	0.731	0.776	0.788	0.726	0.726	0.799	0.733	0.732	0.588	0.222	0.178	0.217	0.22	0.236	0.231	0.234	0.235	0.223	0.243	0.22
Pop022	0.988	0.964	0.994	1.011	1.005	0.969	0.97	0.99	0.997	1.015	0.978	0.959	1.01	1.005	1	0.979	1.005	0.957	0.975	0.955	0.731	0	1.019	0.957	0.937	0.945	1.022	1.019	0.926	0.993	0.726	0.966	0.772	0.981	0.983	0.952	0.941	0.971	0.934	0.954	0.984	1.017	0.943	0.953	0.944	0.95	0.948	0.938	0.959	0.956	0.975	0.981	0.95	0.961	0.98	0.929	0.927	0.881	0.736	0.726	0.735	0.735	0.74	0.738	0.739	0.739	0.736	0.741	0.735
Pop023	1.047	1.032	1.047	1.047	1.053	1.031	1.023	1.032	1.047	1.058	1.047	1.03	1.052	1.047	1.052	1.047	1.051	1.001	0.998	1.055	0.824	1.019	0	1.036	1.009	0.991	1.061	1.033	1	1.049	0.822	1.035	0.851	1.028	1.014	1.003	1.011	1.029	1.018	1.02	1.021	1.063	1.009	1.003	1.009	1.002	0.998	1.028	1.016	1.012	1.031	1.024	0.999	0.98	1.043	1.006	1.013	0.963	0.831	0.822	0.83	0.831	0.834	0.833	0.834	0.834	0.831	0.836	0.83
Pop024	1.008	0.985	1.007	1.009	1.014	0.986	1.004	1.001	1.011	1.01	0.993	0.98	1.006	1.026	1.012	1.007	1.018	0.966	0.98	0.991	0.765	0.957	1.036	0	0.946	0.939	1.034	1.032	0.955	1.014	0.76	0.983	0.811	0.995	0.985	0.967	0.972	0.993	0.975	0.979	1.001	1.029	0.977	0.962	0.976	0.979	0.959	0.984	1.002	0.972	0.978	1.009	0.964	0.97	1.003	0.966	0.955	0.912	0.77	0.759	0.769	0.77	0.774	0.77	0.773	0.773	0.77	0.776	0.77
Pop025	0.989	0.953	0.969	0.997	0.996	0.968	0.958	0.964	0.982	0.996	0.985	0.955	0.988	0.998	0.995	0.982	1.003	0.96	0.965	0.981	0.736	0.937	1.009	0.946	0	0.945	1.007	0.999	0.919	1.001	0.729	0.973	0.782	0.975	0.991	0.959	0.958	0.994	0.939	0.966	0.996	1.005	0.949	0.963	0.961	0.958	0.945	0.966	0.964	0.96	0.985	0.984	0.938	0.957	0.997	0.943	0.946	0.889	0.739	0.729	0.739	0.739	0.743	0.742	0.743	0.743	0.74	0.745	0.739
Pop026	0.976	0.972	0.991	0.995	0.991	0.977	0.987	0.983	0.997	0.992	0.989	0.967	0.988	0.994	0.993	0.988	0.995	0.955	0.971	0.988	0.731	0.945	0.991	0.939	0.945	0	1.002	0.995	0.928	0.988	0.724	0.979	0.778	0.975	0.946	0.932	0.946	0.972	0.967	0.953	0.973	1.025	0.949	0.947	0.943	0.95	0.929	0.98	0.974	0.948	0.965	0.987	0.935	0.947	0.983	0.948	0.953	0.886	0.734	0.724	0.734	0.735	0.737	0.736	0.737	0.738	0.734	0.74	0.733
Pop027	0.996	0.991	0.995	0.993	0.998	0.98	1.014	0.991	1.007	0.992	0.989	0.99	1.002	0.99	1.001	0.985	1.008	1.003	1.027	1.046	0.809	1.022	1.061	1.034	1.007	1.002	0	1.012	0.988	1.038	0.804	1.022	0.847	0.998	1.04	1.018	1.03	1.05	1.022	1.032	1.038	1.058	1.021	1.016	1.022	1.024	1.024	1.037	1.04	1.027	1.044	1.046	1.011	1.018	1.042	1.03	1.03	0.922	0.812	0.805	0.812	0.812	0.816	0.814	0.815	0.815	0.813	0.817	0.813
Pop028	1.002	0.995	1.002	1.003	0.992	1.002	1.019	1.017	1.022	1.009	1	1.001	1.032	1.011	1.015	1.01	1.007	0.974	1.019	1.054	0.796	1.019	1.033	1.032	0.999	0.995	1.012	0	0.992	0.987	0.791	1.032	0.83	0.947	1.019	1.003	1.011	1.043	1.013	1.016	1.034	1.027	1.01	1	1.005	0.998	1.013	1.028	1.023	1.005	1.043	1.03	1	0.991	1.043	1.014	1.022	0.924	0.8	0.791	0.799	0.8	0.804	0.803	0.803	0.803	0.801	0.805	0.8
Pop029	0.956	0.92	0.957	0.972	0.973	0.936	0.939	0.955	0.96	0.993	0.946	0.92	0.979	0.973	0.972	0.943	0.976	0.942	0.961	0.961	0.706	0.926	1	0.955	0.919	0.928	0.988	0.992	0	0.978	0.7	0.952	0.753	0.949	0.972	0.934	0.949	0.966	0.931	0.952	0.966	1.024	0.934	0.95	0.944	0.953	0.941	0.941	0.958	0.95	0.958	0.978	0.933	0.945	0.98	0.944	0.924	0.857	0.711	0.7	0.709	0.71	0.715	0.713	0.713	0.715	0.711	0.716	0.71
Pop030	1.012	0.995	1.019	1.016	1.013	1.005	1.026	1.036	1.026	1.035	1.016	0.996	1.036	1.027	1.026	1.016	1.027	0.986	1.016	1.034	0.805	0.993	1.049	1.014	1.001	0.988	1.038	0.987	0.978	0	0.8	1.023	0.842	0.977	1.012	0.997	1.006	1.023	1.016	1.015	1.036	1.062	1.01	1.009	1.006	1.012	1.003	1.018	1.022	1.006	1.032	1.041	0.999	0.997	1.034	1.01	0.998	0.926	0.808	0.8	0.807	0.808	0.812	0.81	0.81	0.811	0.809	0.812	0.809
Pop031	0.765	0.722	0.758	0.772	0.766	0.72	0.747	0.752	0.769	0.788	0.74	0.726	0.785	0.771	0.774	0.743	0.769	0.723	0.762	0.782	0.181	0.726	0.822	0.76	0.729	0.724	0.804	0.791	0.7	0.8	0	0.753	0.348	0.742	0.76	0.723	0.741	0.774	0.718	0.73	0.774	0.838	0.726	0.721	0.721	0.716	0.727	0.75	0.758	0.724	0.769	0.783	0.719	0.719	0.794	0.727	0.725	0.58	0.194	0.138	0.19	0.19	0.207	0.204	0.204	0.211	0.193	0.217	0.19
Pop032	1.016	0.972	1.003	1.012	1.02	0.964	0.971	0.995	0.981	1.038	0.941	0.97	1.017	1.004	1.009	0.957	1.012	0.963	0.986	0.955	0.758	0.966	1.035	0.983	0.973	0.979	1.022	1.032	0.952	1.023	0.753	0	0.802	0.977	0.993	0.97	0.987	0.994	0.944	0.976	0.977	1.007	0.979	0.961	0.976	0.955	0.979	0.963	0.988	0.973	0.957	1.015	0.976	0.988	1.004	0.97	0.964	0.905	0.761	0.752	0.761	0.761	0.764	0.764	0.766	0.765	0.762	0.767	0.761
Pop033	0.812	0.773	0.806	0.817	0.813	0.77	0.795	0.801	0.815	0.83	0.789	0.776	0.828	0.817	0.82	0.793	0.813	0.769	0.808	0.828	0.317	0.772	0.851	0.811	0.782	0.778	0.847	0.83	0.753	0.842	0.348	0.802	0	0.789	0.808	0.775	0.793	0.823	0.772	0.783	0.821	0.875	0.782	0.775	0.775	0.773	0.783	0.801	0.807	0.778	0.819	0.829	0.772	0.773	0.841	0.781	0.778	0.648	0.37	0.347	0.367	0.368	0.378	0.376	0.376	0.379	0.371	0.385	0.369
Pop034	0.991	0.948	0.97	0.975	0.985	0.938	0.966	0.982	0.976	0.999	0.952	0.959	0.996	0.97	0.98	0.96	0.976	0.937	0.982	1	0.748	0.981	1.028	0.995	0.975	0.975	0.998	0.947	0.949	0.977	0.742	0.977	0.789	0	1	0.981	0.997	1.005	0.962	0.991	1.004	1.029	0.991	0.977	0.976	0.971	0.989	0.979	0.996	0.972	0.999	1.02	0.974	0.979	1.023	0.985	0.978	0.872	0.751	0.742	0.751	0.752	0.755	0.753	0.754	0.755	0.752	0.757	0.752
Pop035	1.004	0.999	1.024	1.022	1.006	0.987	1.019	1.011	1.03	1.024	0.997	0.993	1.016	1.016	1.027	1.012	1.014	0.975	0.987	1.025	0.766	0.983	1.014	0.985	0.991	0.946	1.04	1.019	0.972	1.012	0.76	0.993	0.808	1	0	0.931	0.977	0.983	0.971	0.955	0.966	1.039	0.957	0.946	0.955	0.957	0.956	0.986	0.999	0.949	0.987	1.007	0.954	0.949	0.995	0.981	0.978	0.903	0.77	0.759	0.769	0.77	0.774	0.772	0.773	0.773	0.77	0.774	0.77
Pop036	0.98	0.966	1.002	1.005	0.984	0.963	0.99	0.998	1.007	1.009	0.978	0.966	1.001	0.998	1.001	0.986	0.996	0.954	0.974	0.988	0.73	0.952	1.003	0.967	0.959	0.932	1.018	1.003	0.934	0.997	0.723	0.97	0.775	0.981	0.931	0	0.939	0.966	0.942	0.944	0.96	1.017	0.943	0.936	0.941	0.94	0.941	0.963	0.972	0.942	0.961	0.99	0.933	0.937	0.985	0.943	0.94	0.881	0.734	0.723	0.733	0.734	0.738	0.737	0.738	0.737	0.735	0.74	0.733
Pop037	0.983	0.989	1.007	1.016	0.996	0.995	1.004	1.009	1.016	1.011	1.002	0.977	1.009	1.024	1.016	1.012	0.998	0.98	0.972	0.989	0.747	0.941	1.011	0.972	0.958	0.946	1.03	1.011	0.949	1.006	0.741	0.987	0.793	0.997	0.977	0.939	0	0.973	0.957	0.965	0.996	1.026	0.954	0.944	0.949	0.945	0.942	0.969	0.974	0.959	0.967	0.983	0.952	0.936	0.984	0.948	0.956	0.898	0.751	0.74	0.75	0.752	0.755	0.753	0.755	0.755	0.752	0.757	0.751
Pop038	1.018	0.999	1.041	1.043	1.036	1	1.009	1.019	1.03	1.054	1	0.992	1.039	1.032	1.032	1.015	1.03	0.977	1.006	1.003	0.779	0.971	1.029	0.993	0.994	0.972	1.05	1.043	0.966	1.023	0.774	0.994	0.823	1.005	0.983	0.966	0.973	0	0.964	0.968	0.996	1.049	0.979	0.968	0.964	0.976	0.97	0.985	0.988	0.982	0.984	1.001	0.967	0.968	1.003	0.965	0.959	0.919	0.784	0.774	0.783	0.785	0.788	0.786	0.788	0.787	0.784	0.789	0.783
Pop039	1.001	0.963	0.994	1.008	1.008	0.952	0.959	0.982	0.987	1.019	0.958	0.965	1.009	0.994	0.998	0.972	0.998	0.943	0.968	0.967	0.724	0.934	1.018	0.975	0.939	0.967	1.022	1.013	0.931	1.016	0.718	0.944	0.772	0.962	0.971	0.942	0.957	0.964	0	0.941	0.979	1.009	0.933	0.935	0.928	0.924	0.95	0.936	0.95	0.919	0.976	0.987	0.937	0.939	0.991	0.933	0.927	0.873	0.729	0.718	0.727	0.728	0.733	0.732	0.733	0.732	0.729	0.734	0.729
Pop040	1.008	0.983	1.013	1.017	1.006	0.98	0.999	1.004	1.016	1.023	0.988	0.985	1.026	1.014	1.017	0.998	1.006	0.958	0.988	0.99	0.737	0.954	1.02	0.979	0.966	0.953	1.032	1.016	0.952	1.015	0.73	0.976	0.783	0.991	0.955	0.944	0.965	0.968	0.941	0	0.963	1.022	0.939	0.943	0.932	0.919	0.936	0.955	0.954	0.928	0.977	0.947	0.945	0.945	0.996	0.942	0.943	0.896	0.741	0.73	0.739	0.741	0.744	0.743	0.744	0.744	0.742	0.745	0.741
Pop041	1.03	0.994	1.038	1.033	1.033	0.997	1.012	1.007	1.033	1.052	0.997	0.992	1.037	1.038	1.03	1.002	1.029	0.973	1.007	1.001	0.78	0.984	1.021	1.001	0.996	0.973	1.038	1.034	0.966	1.036	0.774	0.977	0.821	1.004	0.966	0.96	0.996	0.996	0.979	0.963	0	1.03	0.979	0.965	0.984	0.967	0.975	0.985	1.001	0.983	0.975	1.015	0.976	0.984	1.003	0.979	0.967	0.912	0.784	0.774	0.783	0.784	0.786	0.786	0.787	0.786	0.784	0.788	0.783
Pop042	1.064	1.042	1.058	1.07	1.065	1.041	1.041	1.046	1.054	1.073	1.034	1.044	1.062	1.061	1.073	1.039	1.069	1.016	1.035	1.022	0.842	1.017	1.063	1.029	1.005	1.025	1.058	1.027	1.024	1.062	0.838	1.007	0.875	1.029	1.039	1.017	1.026	1.049	1.009	1.022	1.03	0	1.02	1.017	1.027	1.005	1.02	1.022	1.03	1.008	1.036	1.045	1.026	1.023	1.053	1.019	1.026	0.975	0.847	0.838	0.846	0.846	0.85	0.849	0.849	0.849	0.847	0.851	0.847
Pop043	0.996	0.972	0.989	1.013	1.003	0.975	0.981	0.987	1.004	0.997	0.993	0.975	1.005	1.008	1.012	0.991	1.011	0.963	0.97	0.989	0.733	0.943	1.009	0.977	0.949	0.949	1.021	1.01	0.934	1.01	0.726	0.979	0.782	0.991	0.957	0.943	0.954	0.979	0.933	0.939	0.979	1.02	0	0.938	0.915	0.925	0.916	0.958	0.959	0.929	0.989	0.973	0.927	0.932	0.996	0.937	0.939	0.887	0.737	0.726	0.736	0.737	0.741	0.74	0.74	0.741	0.738	0.742	0.737
Pop044	0.986	0.977	0.998	0.996	0.985	0.971	0.993	0.997	1.01	0.998	0.978	0.983	1.003	1.005	1.011	0.989	0.99	0.948	0.968	0.993	0.727	0.953	1.003	0.962	0.963	0.947	1.016	1	0.95	1.009	0.721	0.961	0.775	0.977	0.946	0.936	0.944	0.968	0.935	0.943	0.965	1.017	0.938	0	0.928	0.907	0.939	0.973	0.973	0.923	0.957	0.971	0.942	0.911	0.99	0.951	0.949	0.887	0.732	0.721	0.731	0.733	0.736	0.735	0.735	0.736	0.733	0.737	0.732
Pop045	0.992	0.964	0.995	1.002	0.994	0.969	0.981	1.004	1.007	1.006	0.984	0.976	1.011	1.006	1.017	0.994	0.992	0.962	0.985	0.984	0.728	0.944	1.009	0.976	0.961	0.943	1.022	1.005	0.944	1.006	0.721	0.976	0.775	0.976	0.955	0.941	0.949	0.964	0.928	0.932	0.984	1.027	0.915	0.928	0	0.915	0.931	0.959	0.962	0.936	0.979	0.959	0.922	0.917	0.985	0.937	0.943	0.881	0.733	0.721	0.732	0.732	0.737	0.736	0.736	0.737	0.733	0.738	0.733
Pop046	0.998	0.982	1.006	1.001	0.995	0.976	0.99	0.998	1.01	1.007	0.976	0.98	1.012	1.007	1.016	0.993	1	0.95	0.977	0.983	0.723	0.95	1.002	0.979	0.958	0.95	1.024	0.998	0.953	1.012	0.716	0.955	0.773	0.971	0.957	0.94	0.945	0.976	0.924	0.919	0.967	1.005	0.925	0.907	0.915	0	0.939	0.952	0.952	0.906	0.971	0.971	0.932	0.906	0.982	0.942	0.945	0.893	0.727	0.716	0.727	0.727	0.732	0.731	0.732	0.732	0.728	0.734	0.728
Pop047	0.993	0.98	0.991	1.011	0.998	0.981	0.987	0.999	1.008	0.997	0.994	0.98	1.018	1.016	1.015	0.995	1.016	0.969	0.988	0.988	0.735	0.948	0.998	0.959	0.945	0.929	1.024	1.013	0.941	1.003	0.727	0.979	0.783	0.989	0.956	0.941	0.942	0.97	0.95	0.936	0.975	1.02	0.916	0.939	0.931	0.939	0	0.966	0.96	0.95	0.98	0.978	0.927	0.937	0.98	0.935	0.948	0.891	0.739	0.727	0.738	0.739	0.742	0.742	0.742	0.743	0.739	0.743	0.739
Pop048	1.012	0.972	1.016	1.023	1.021	0.97	0.986	1.011	1.008	1.052	0.969	0.976	1.028	1.022	1.02	0.994	1.019	0.969	0.985	0.96	0.756	0.938	1.028	0.984	0.966	0.98	1.037	1.028	0.941	1.018	0.75	0.963	0.801	0.979	0.986	0.963	0.969	0.985	0.936	0.955	0.985	1.022	0.958	0.973	0.959	0.952	0.966	0	0.983	0.956	0.971	1.001	0.975	0.977	0.998	0.948	0.931	0.894	0.761	0.75	0.76	0.761	0.765	0.763	0.764	0.764	0.761	0.766	0.761
Pop049	1.018	0.994	1.017	1.032	1.032	0.99	0.985	1.017	1.01	1.035	0.999	0.997	1.03	1.024	1.025	1	1.023	0.968	0.989	0.998	0.764	0.959	1.016	1.002	0.964	0.974	1.04	1.023	0.958	1.022	0.758	0.988	0.807	0.996	0.999	0.972	0.974	0.988	0.95	0.954	1.001	1.03	0.959	0.973	0.962	0.952	0.96	0.983	0	0.961	1.002	0.989	0.955	0.962	1.004	0.947	0.962	0.915	0.768	0.758	0.767	0.767	0.771	0.771	0.77	0.771	0.768	0.774	0.767
Pop050	0.998	0.976	1.004	1.012	1.001	0.966	0.982	1	1.01	1.02	0.971	0.978	1	0.998	1.018	0.985	0.994	0.954	0.969	1.001	0.731	0.956	1.012	0.972	0.96	0.948	1.027	1.005	0.95	1.006	0.724	0.973	0.778	0.972	0.949	0.942	0.959	0.982	0.919	0.928	0.983	1.008	0.929	0.923	0.936	0.906	0.95	0.956	0.961	0	0.984	0.987	0.936	0.92	0.992	0.94	0.946	0.883	0.736	0.724	0.735	0.735	0.739	0.738	0.738	0.74	0.736	0.741	0.735
Pop051	1.014	0.989	1.025	1.032	1.03	1.006	1.015	1.018	1.026	1.038	0.992	0.987	1.036	1.037	1.035	0.998	1.025	0.971	0.993	0.972	0.776	0.975	1.031	0.978	0.985	0.965	1.044	1.043	0.958	1.032	0.769	0.957	0.819	0.999	0.987	0.961	0.967	0.984	0.976	0.977	0.975	1.036	0.989	0.957	0.979	0.971	0.98	0.971	1.002	0.984	0	1.011	0.976	0.973	1.009	0.979	0.969	0.915	0.779	0.77	0.777	0.778	0.783	0.782	0.782	0.783	0.78	0.784	0.78
Pop052	1.024	1.017	1.028	1.031	1.027	1.007	1.012	1.03	1.046	1.04	1.024	1.014	1.048	1.05	1.048	1.033	1.034	0.985	1.001	1.028	0.788	0.981	1.024	1.009	0.984	0.987	1.046	1.03	0.978	1.041	0.783	1.015	0.829	1.02	1.007	0.99	0.983	1.001	0.987	0.947	1.015	1.045	0.973	0.971	0.959	0.971	0.978	1.001	0.989	0.987	1.011	0	0.974	0.959	1.009	0.98	0.979	0.936	0.792	0.782	0.791	0.792	0.796	0.795	0.796	0.796	0.793	0.798	0.793
Pop053	0.985	0.962	0.986	1.002	0.992	0.961	0.971	0.988	0.993	0.995	0.984	0.968	0.993	0.996	0.999	0.978	0.993	0.95	0.968	0.998	0.726	0.95	0.999	0.964	0.938	0.935	1.011	1	0.933	0.999	0.719	0.976	0.772	0.974	0.954	0.933	0.952	0.967	0.937	0.945	0.976	1.026	0.927	0.942	0.922	0.932	0.927	0.975	0.955	0.936	0.976	0.974	0	0.927	0.993	0.935	0.946	0.881	0.729	0.718	0.728	0.729	0.732	0.731	0.733	0.732	0.729	0.734	0.729
Pop054	0.986	0.982	0.999	0.992	0.982	0.979	0.997	0.995	1.008	0.985	0.992	0.983	1.005	0.998	1.007	1.001	0.989	0.956	0.966	1.009	0.726	0.961	0.98	0.97	0.957	0.947	1.018	0.991	0.945	0.997	0.719	0.988	0.773	0.979	0.949	0.937	0.936	0.968	0.939	0.945	0.984	1.023	0.932	0.911	0.917	0.906	0.937	0.977	0.962	0.92	0.973	0.959	0.927	0	0.988	0.944	0.959	0.89	0.729	0.718	0.728	0.73	0.733	0.732	0.733	0.733	0.73	0.735	0.729
Pop055	1.028	1.017	1.048	1.048	1.037	1.017	1.042	1.032	1.047	1.057	1.029	1.013	1.049	1.056	1.054	1.036	1.044	0.993	1.011	1.021	0.799	0.98	1.043	1.003	0.997	0.983	1.042	1.043	0.98	1.034	0.794	1.004	0.841	1.023	0.995	0.985	0.984	1.003	0.991	0.996	1.003	1.053	0.996	0.99	0.985	0.982	0.98	0.998	1.004	0.992	1.009	1.009	0.993	0.988	0	0.977	0.994	0.934	0.803	0.794	0.803	0.803	0.807	0.806	0.807	0.807	0.804	0.809	0.804
Pop056	1.004	0.981	1.002	1.021	1.017	0.982	0.978	0.996	1.005	1.018	0.982	0.977	1.014	1.017	1.018	0.999	1.019	0.958	0.974	0.973	0.733	0.929	1.006	0.966	0.943	0.948	1.03	1.014	0.944	1.01	0.727	0.97	0.781	0.985	0.981	0.943	0.948	0.965	0.933	0.942	0.979	1.019	0.937	0.951	0.937	0.942	0.935	0.948	0.947	0.94	0.979	0.98	0.935	0.944	0.977	0	0.93	0.9	0.738	0.727	0.735	0.738	0.742	0.74	0.742	0.741	0.738	0.743	0.738
Pop057	0.982	0.95	0.991	1.006	1.009	0.958	0.964	0.989	0.988	1.033	0.97	0.944	1.017	1.005	1.003	0.972	1.008	0.949	0.969	0.967	0.732	0.927	1.013	0.955	0.946	0.953	1.03	1.022	0.924	0.998	0.725	0.964	0.778	0.978	0.978	0.94	0.956	0.959	0.927	0.943	0.967	1.026	0.939	0.949	0.943	0.945	0.948	0.931	0.962	0.946	0.969	0.979	0.946	0.959	0.994	0.93	0	0.874	0.736	0.725	0.735	0.736	0.74	0.739	0.739	0.739	0.736	0.742	0.735
Pop058	0.884	0.851	0.873	0.888	0.88	0.839	0.871	0.88	0.891	0.918	0.869	0.85	0.906	0.887	0.89	0.861	0.877	0.876	0.916	0.914	0.588	0.881	0.963	0.912	0.889	0.886	0.922	0.924	0.857	0.926	0.58	0.905	0.648	0.872	0.903	0.881	0.898	0.919	0.873	0.896	0.912	0.975	0.887	0.887	0.881	0.893	0.891	0.894	0.915	0.883	0.915	0.936	0.881	0.89	0.934	0.9	0.874	0	0.592	0.579	0.59	0.591	0.597	0.595	0.596	0.596	0.593	0.599	0.591
Pop059	0.774	0.733	0.767	0.781	0.775	0.729	0.755	0.762	0.778	0.796	0.749	0.734	0.793	0.778	0.783	0.753	0.777	0.732	0.771	0.792	0.222	0.736	0.831	0.77	0.739	0.734	0.812	0.8	0.711	0.808	0.194	0.761	0.37	0.751	0.77	0.734	0.751	0.784	0.729	0.741	0.784	0.847	0.737	0.732	0.733	0.727	0.739	0.761	0.768	0.736	0.779	0.792	0.729	0.729	0.803	0.738	0.736	0.592	0	0.183	0.197	0.197	0.198	0.199	0.194	0.21	0.197	0.205	0.195
Pop060	0.764	0.723	0.759	0.773	0.765	0.72	0.747	0.752	0.769	0.787	0.74	0.725	0.784	0.771	0.775	0.743	0.769	0.723	0.761	0.782	0.178	0.726	0.822	0.759	0.729	0.724	0.805	0.791	0.7	0.8	0.138	0.752	0.347	0.742	0.759	0.723	0.74	0.774	0.718	0.73	0.774	0.838	0.726	0.721	0.721	0.716	0.727	0.75	0.758	0.724	0.77	0.782	0.718	0.718	0.794	0.727	0.725	0.579	0.183	0	0.18	0.179	0.193	0.19	0.19	0.197	0.181	0.209	0.172
Pop061	0.773	0.732	0.767	0.781	0.774	0.729	0.755	0.761	0.776	0.795	0.748	0.733	0.792	0.779	0.783	0.752	0.777	0.731	0.769	0.791	0.217	0.735	0.83	0.769	0.739	0.734	0.812	0.799	0.709	0.807	0.19	0.761	0.367	0.751	0.769	0.733	0.75	0.783	0.727	0.739	0.783	0.846	0.736	0.731	0.732	0.727	0.738	0.76	0.767	0.735	0.777	0.791	0.728	0.728	0.803	0.735	0.735	0.59	0.197	0.18	0	0.182	0.186	0.188	0.198	0.185	0.195	0.213	0.185
Pop062	0.773	0.732	0.766	0.781	0.774	0.729	0.756	0.761	0.777	0.795	0.748	0.733	0.792	0.779	0.783	0.752	0.777	0.732	0.771	0.791	0.22	0.735	0.831	0.77	0.739	0.735	0.812	0.8	0.71	0.808	0.19	0.761	0.368	0.752	0.77	0.734	0.752	0.785	0.728	0.741	0.784	0.846	0.737	0.733	0.732	0.727	0.739	0.761	0.767	0.735	0.778	0.792	0.729	0.73	0.803	0.738	0.736	0.591	0.197	0.179	0.182	0	0.192	0.188	0.188	0.193	0.183	0.198	0.18
Pop063	0.777	0.736	0.771	0.785	0.779	0.733	0.76	0.766	0.781	0.799	0.753	0.738	0.796	0.783	0.788	0.756	0.781	0.736	0.774	0.794	0.236	0.74	0.834	0.774	0.743	0.737	0.816	0.804	0.715	0.812	0.207	0.764	0.378	0.755	0.774	0.738	0.755	0.788	0.733	0.744	0.786	0.85	0.741	0.736	0.737	0.732	0.742	0.765	0.771	0.739	0.783	0.796	0.732	0.733	0.807	0.742	0.74	0.597	0.198	0.193	0.186	0.192	0	0.19	0.204	0.205	0.183	0.219	0.162
Pop064	0.777	0.735	0.771	0.784	0.777	0.731	0.758	0.765	0.78	0.798	0.751	0.737	0.795	0.782	0.786	0.755	0.779	0.735	0.772	0.795	0.231	0.738	0.833	0.77	0.742	0.736	0.814	0.803	0.713	0.81	0.204	0.764	0.376	0.753	0.772	0.737	0.753	0.786	0.732	0.743	0.786	0.849	0.74	0.735	0.736	0.731	0.742	0.763	0.771	0.738	0.782	0.795	0.731	0.732	0.806	0.74	0.739	0.595	0.199	0.19	0.188	0.188	0.19	0	0.184	0.187	0.186	0.208	0.17
Pop065	0.778	0.735	0.771	0.784	0.778	0.732	0.76	0.765	0.781	0.798	0.753	0.738	0.795	0.781	0.786	0.757	0.779	0.735	0.774	0.796	0.234	0.739	0.834	0.773	0.743	0.737	0.815	0.803	0.713	0.81	0.204	0.766	0.376	0.754	0.773	0.738	0.755	0.788	0.733	0.744	0.787	0.849	0.74	0.735	0.736	0.732	0.742	0.764	0.77	0.738	0.782	0.796	0.733	0.733	0.807	0.742	0.739	0.596	0.194	0.19	0.198	0.188	0.204	0.184	0	0.206	0.186	0.2	0.188
Pop066	0.777	0.736	0.771	0.784	0.777	0.734	0.76	0.765	0.781	0.799	0.752	0.737	0.795	0.782	0.788	0.757	0.78	0.736	0.774	0.795	0.235	0.739	0.834	0.773	0.743	0.738	0.815	0.803	0.715	0.811	0.211	0.765	0.379	0.755	0.773	0.737	0.755	0.787	0.732	0.744	0.786	0.849	0.741	0.736	0.737	0.732	0.743	0.764	0.771	0.74	0.783	0.796	0.732	0.733	0.807	0.741	0.739	0.596	0.21	0.197	0.185	0.193	0.205	0.187	0.206	0	0.2	0.212	0.19
Pop067	0.774	0.733	0.768	0.782	0.776	0.73	0.757	0.762	0.779	0.796	0.75	0.734	0.793	0.78	0.784	0.753	0.778	0.733	0.771	0.792	0.223	0.736	0.831	0.77	0.74	0.734	0.813	0.801	0.711	0.809	0.193	0.762	0.371	0.752	0.77	0.735	0.752	0.784	0.729	0.742	0.784	0.847	0.738	0.733	0.733	0.728	0.739	0.761	0.768	0.736	0.78	0.793	0.729	0.73	0.804	0.738	0.736	0.593	0.197	0.181	0.195	0.183	0.183	0.186	0.186	0.2	0	0.206	0.172
Pop068	0.778	0.737	0.773	0.786	0.779	0.735	0.761	0.767	0.783	0.801	0.755	0.74	0.798	0.784	0.789	0.759	0.782	0.738	0.777	0.795	0.243	0.741	0.836	0.776	0.745	0.74	0.817	0.805	0.716	0.812	0.217	0.767	0.385	0.757	0.774	0.74	0.757	0.789	0.734	0.745	0.788	0.851	0.742	0.737	0.738	0.734	0.743	0.766	0.774	0.741	0.784	0.798	0.734	0.735	0.809	0.743	0.742	0.599	0.205	0.209	0.213	0.198	0.219	0.208	0.2	0.212	0.206	0	0.211
Pop069	0.773	0.732	0.767	0.781	0.774	0.729	0.757	0.762	0.778	0.796	0.749	0.733	0.793	0.779	0.784	0.752	0.777	0.732	0.771	0.792	0.22	0.735	0.83	0.77	0.739	0.733	0.813	0.8	0.71	0.809	0.19	0.761	0.369	0.752	0.77	0.733	0.751	0.783	0.729	0.741	0.783	0.847	0.737	0.732	0.733	0.728	0.739	0.761	0.767	0.735	0.78	0.793	0.729	0.729	0.804	0.738	0.735	0.591	0.195	0.172	0.185	0.18	0.162	0.17	0.188	0.19	0.172	0.211	0